[-0.0013270393; -77.074638; 22626.002; 1648.335; 327551.66; 0; 41153.613; 0; 23799.533; 127618.66; 0; 124901.07; -43757.953; -61714.156; 65089.18; 111108.17; 11557.66; 0; 8626.7021; 1083.9946; 31519.281; 80509.188; 1605.0337; 692.24304; -14817.694; -114.31535; -199311.69; -30223.16; -43469.277; -4567.9956; 972.25781; 2030.8107; -4932.0698; 458.41611; 91638.211; -2220.489; -43501.211; 72518.078; -23616.658; -66265.094; 148155.58; 19612.012; -62371.152; -3687.5361; 59758.301; 24536.809; 0; 87168.586; 96663.445; 0]
[-0.0013270393; -852.77075; 23953.242; 1718.7717; 337473.78; 0; 44143.262; 0; 24507.363; 131043.5; 0; 128634.21; -43772.387; -64473.996; 66279.945; 114855.75; 11557.66; 0; 9616.6523; 1129.2495; 33206.297; 83961.164; 1689.3269; -238.44531; -15060.182; -740.16302; -203785.59; -29667.371; -44883.785; -5188.6465; 930.6886; 1907.774; -5125.1099; 361.99863; 95215.461; -2752.8062; -47137.859; 73330.406; -24381.748; -69721.438; 153268.02; 19857.387; -63099.188; -5291.9922; 60492.984; 25211.154; 0; 87539.82; 98171.484; 0]
[-0.0013270393; -68.589355; 22774.494; 1688.1721; 328490; 0; 42169.727; 0; 23984.863; 126689.7; 0; 125639.51; -43467.547; -62147.613; 65166.254; 110982.88; 11552.71; 0; 10748.022; 1477.8531; 31073.57; 81122.328; 2167.9502; 501.71729; -15030.736; -107.38715; -200693.31; -29580.396; -43743.52; -4548.3652; 746.51385; 1985.5558; -4945.5049; 449.1785; 93029.086; -2270.1411; -44025.172; 73515.742; -23621.609; -66796.133; 152186.06; 19925.512; -62401.168; -3791.459; 60208.727; 24402.863; 0; 87876.398; 97157.656; 0]
[-0.0013270393; -67.17514; 22529.836; 1968.7644; 322441.38; 0; 40361.656; 0; 22745.291; 124110.68; 0; 121936.38; -42775.305; -60908.055; 64827.547; 108115.18; 11557.66; 0; 11879.394; 2143.9478; 30526.82; 79236.125; 2920.2375; 259.2301; -14850.604; -96.417496; -200038; -29665.957; -42685.813; -4436.9365; 472.27252; 1977.0706; -4912.978; 358.53452; 92083.688; -2176.6106; -43443.93; 71749.625; -23599.688; -65452.633; 150549.27; 20543.854; -59371.238; -3545.5078; 57336.461; 24008.533; 0; 87116.258; 96435.969; 0]
[-0.0013270393; -2207.5874; 25229.57; 1616.0034; 335168.63; 0; 42115.984; 0; 23272.988; 130042.95; 0; 127219.13; -42897.703; -64107.715; 67822.852; 115886.32; 11512.405; 0; 10748.022; 2000.405; 34765.727; 83468.102; 2480.2966; -2625.2117; -14810.767; -1898.905; -205584.03; -29074.109; -43576.664; -4725.0347; 708.98615; 1926.1588; -5334.4136; 484.39688; 96135.406; -2372.9097; -48243.066; 71117.43; -25032.287; -70761.586; 152038.27; 20628.148; -60358.504; -7173.5767; 58722.391; 24714.055; 0; 85667.398; 97024.289; 0]
[-0.0013270393; -2228.8005; 25837.682; 2233.7681; 338142; 0; 41886.176; 0; 23395.387; 131581; 0; 127968.53; -42934.074; -64284.488; 69132.414; 116934.21; 11518.063; 0; 11030.865; 2189.9097; 34210.313; 82985.438; 2923.1243; -3932.9099; -15059.026; -1997.6318; -210253.64; -31139.568; -43401.727; -4756.2114; 612.5686; 2036.4675; -5325.9282; 652.40582; 99840.648; -2494.1531; -49129.777; 71872.023; -25045.016; -71621.43; 152319.44; 21836.541; -59584.855; -7985.3315; 59466.973; 24460.02; 0; 86939.484; 97721.148; 0]
[-0.0013270393; -2229.5076; 25839.803; 2402.9319; 338697.06; 0; 41428.68; 0; 23227.955; 132977.61; 0; 128246.81; -43106.125; -63984.68; 69362.93; 117173.23; 11518.063; 0; 8909.5449; 2951.4636; 35174.492; 82953.109; 3431.77; -3999.8823; -14349.463; -1995.8999; -211015.17; -33019.055; -43247; -4770.0679; 836.00317; 1981.3131; -5299.0581; 743.0498; 99933.281; -2295.5447; -49236.551; 71162.461; -25059.863; -71584.664; 149146.89; 21624.076; -59398.375; -8202.415; 59408.988; 24345.707; 0; 85936.805; 98069.867; 0]
[-0.0013270393; -2044.9528; 25669.391; 2498.772; 334968.5; 0; 41115.43; 0; 22402.344; 130750.78; 0; 125328.89; -42507.41; -62788.254; 68814.922; 114860.38; 11518.063; 0; 11313.708; 3012.2749; 33818.289; 81486.641; 3644.8123; -3663.2874; -14653.149; -1845.7888; -211317.7; -31943.551; -43098.621; -4533.9316; 269.62256; 2049.1953; -5144.9087; 640.85876; 99634.883; -2345.7742; -47880.32; 71529.078; -24881.674; -70595.422; 151868.52; 23166.18; -58593.543; -7555.2051; 59424.547; 25030.443; 0; 86979.086; 98036.383; 0]
[-0.0013270393; -2066.166; 25740.102; 2782.251; 339860.97; 0; 42760.867; 0; 23809.348; 133370.22; 0; 126817.88; -42249.914; -64370.758; 69028.469; 115763.92; 11518.063; 0; 11030.865; 3085.1069; 34404.297; 82863.039; 3565.7151; -3210.6448; -15009.375; -1855.6038; -212775.5; -32808.34; -43659.227; -4670.7637; 306.573; 2138.2908; -5123.6958; 645.4776; 101008.79; -3014.9231; -48405.699; 72963.219; -24877.43; -71460.914; 154885.75; 24292.014; -59142.031; -7808.0845; 61280.699; 25660.91; 0; 87423.148; 98677.242; 0]
[-0.0013270393; -708.521; 24429.125; 2722.2065; 327783.56; 0; 38616.516; 0; 22273.02; 129359.95; 0; 121274.73; -42371.734; -59676.984; 67725.977; 110340.88; 11518.063; 0; 12020.815; 3184.1018; 31769.852; 77860.875; 3726.7959; -2362.5171; -15221.84; -662.7981; -209560.83; -32198.107; -42383.281; -4337.6323; 333.1311; 2151.0188; -4710.7451; 2385.0339; 97168.492; -2051.9028; -45026.438; 70825.289; -23897.381; -67585.969; 150008.88; 25465.188; -57015.066; -5643.5986; 60578.543; 25439.207; 0; 87124.039; 97106.273; 0]
[-0.0013270393; -702.15704; 24399.426; 2865.9668; 324385.25; 0; 36406.098; 0; 22154.66; 128131.34; 0; 119404.7; -42333.629; -58955.734; 67821.438; 109181.55; 11518.063; 0; 9475.2305; 3812.0127; 31423.438; 76251.227; 4295.4858; -2723.3611; -15065.378; -648.36432; -209557.94; -36020.016; -41187.59; -4268.3506; 511.53232; 2135.4624; -4577.8091; 1356.1958; 96616.242; -1937.5875; -44224.578; 70056.836; -23932.029; -66161.859; 144995.17; 25596.824; -55400.797; -5850.29; 59715.875; 24659.785; 0; 86240.156; 96001.227; 0]
[-0.0013270393; -1957.9786; 25861.016; 3208.9128; 331843.81; 0; 36983.805; 0; 23891.332; 131233.44; 0; 122111.89; -42302.453; -62808.758; 69210.195; 113431.43; 11557.66; 0; 10465.181; 4013.5381; 33456.867; 79053.109; 4478.5059; -3424.2649; -15356.939; -1777.0841; -213183.13; -36299.328; -40389.113; -4560.4897; 651.2511; 2257.0847; -5221.2764; 1798.446; 99352.039; -2566.322; -46444.188; 70552.781; -24813.791; -68383.586; 149506; 27111.213; -55015.707; -7543.6587; 61410.809; 24193.863; 0; 84845.742; 95710.242; 0]
[-0.0013270393; -1957.9786; 25858.188; 3344.5901; 332617.38; 0; 37414.434; 0; 22647.719; 131479.39; 0; 121308.22; -42136.176; -61980.031; 69284.445; 112012.88; 11557.66; 0; 11596.551; 4089.9055; 33276.156; 78790.414; 4494.0942; -4013.739; -15229.345; -1776.5067; -215543.33; -35335.539; -41207.797; -4587.0479; 490.74771; 2288.9045; -5129.3525; 2501.0813; 100506.74; -2202.5913; -46309.836; 70562.016; -24813.791; -68822.703; 150831.59; 28155.641; -54562.484; -7716.8638; 60835.93; 23488.918; 0; 86054.188; 96787.578; 0]
[-0.0013270393; -1767.767; 25824.953; 3317.4546; 327642.16; 0; 33987.793; 0; 23330.146; 129592.62; 0; 118691.66; -41640.809; -60244.082; 69408.891; 111365.67; 11557.66; 0; 12727.922; 3520.6846; 32795.227; 76758.719; 3965.8188; -3648.8538; -15337.887; -1684.708; -213340.16; -34204.172; -39362.586; -4421.3481; 606.21777; 2298.8042; -4452.6514; 3528.1875; 98490.07; -2241.2737; -44870.871; 69977.164; -24591.76; -66854.117; 149324.72; 28896.957; -53164.145; -7408.5586; 61203.625; 24245.246; 0; 85089.695; 94956.797; 0]
[-0.0013270393; -646.29559; 24323.059; 3369.9934; 320273.41; 0; 33512.617; 0; 22850.369; 126237.05; 0; 115658.84; -41971.055; -58214.684; 67606.477; 107011.87; 11518.063; 0; 11596.551; 3848.075; 30693.094; 73987.438; 4339.3647; -2310.5562; -15427.954; -624.69299; -209624.33; -35555.449; -38114.355; -4087.0625; 539.82251; 2419.7195; -4401.7397; 2506.855; 94077.727; -2353.8569; -41476.055; 69526.25; -23650.6; -62441.063; 147396.94; 29167.158; -53606.391; -5089.3428; 61581.93; 23597.461; 0; 84519.055; 94003.594; 0]
[-0.0013270393; -1947.3721; 25756.363; 3167.9209; 330104.31; 0; 36148.711; 0; 23241.234; 130541.77; 0; 120792.07; -42421.965; -62061.348; 69220.094; 112744.96; 11557.66; 0; 11879.394; 3510.7852; 33728.797; 78103.367; 3907.5066; -3613.0576; -15031.892; -1765.5371; -212832.67; -33572.016; -40123.535; -4582.4292; 625.84766; 2167.2822; -5189.4565; 2735.4856; 98385.422; -2334.2271; -46287.207; 69362.859; -24813.791; -67971.344; 148953.48; 27827.705; -54177.391; -7566.1748; 61704.258; 24024.699; 0; 84355.719; 95283.578; 0]
[-0.0013270393; -777.81744; 24483.572; 2311.1331; 334797.38; 0; 40063.258; 0; 24573.184; 131115.09; 0; 124207.66; -42671.957; -62423.383; 67231.008; 112453.39; 11518.063; 0; 9758.0732; 3076.6216; 32117.414; 80874.07; 3741.2297; -1141.9989; -15564.785; -720.53314; -208945.38; -33855.563; -42790.891; -4424.2354; 1655.2632; 2097.2786; -4927.1201; 1422.0137; 96087.328; -2297.854; -45296.551; 73441.266; -24173.859; -67829.922; 152633.52; 25462.301; -59623.539; -5802.3696; 63573.848; 25439.207; 0; 87464.867; 96982.141; 0]
[-0.0013270393; -844.99261; 23084.914; 1146.0403; 353510.94; 0; 51191.699; 0; 28170.65; 136696.91; 0; 136957.88; -45128.004; -70050.945; 65005.738; 120487.23; 11557.66; 0; 12162.236; 560.02856; 34045.188; 89824.734; 1051.9321; 1622.9321; -15244.356; -735.54425; -202536.78; -24009.104; -46375.082; -6444.3838; 1993.5905; 1744.4324; -5367.6475; 2252.2434; 93628.711; -3850.9263; -47541.617; 77633.398; -24610.145; -70724.109; 167649.81; 18288.725; -72320.047; -4960.0161; 68323.484; 27656.232; 0; 87744.883; 99669.711; 0]
[-0.0013270393; -82.731491; 18755.301; 199.76318; 358389.28; 0; 60657.031; 0; 33616.797; 136678.44; 0; 142448.47; -47383.711; -70849.977; 59959.824; 121946.77; 11610.693; 0; 11879.394; 0; 35165.824; 88930.414; 0; 7357.7515; -14518.627; -94.68544; -186574.78; -15228.252; -51288.91; -12587.391; 5405.7305; 1414.2135; -5106.0181; 2316.9065; 87650.836; -4436.3594; -43171.695; 81752.219; -23304.117; -69454.852; 173951.59; 12235.783; -86579.445; -822.72412; 69103.422; 35087.309; 0; 88546.031; 102054.74; 0]
[-0.0013270393; -86.267029; 15917.681; 18.475208; 387885.56; -16.970562; 78156.516; 0; 54936.035; 144283.88; 0; 159829.03; -45646.465; -75439.805; 55155.742; 132251.89; 11655.241; 0; 13010.765; 0; 36608.047; 93684.32; 0; 8411.416; -13225.362; -123.55296; -169866.25; 255.97266; -55244.914; -24690.383; 14261.129; 357.08893; -5661.0967; 1736.0923; 84181.063; -5731.9336; -47991.336; 87048.828; -23433.518; -73924.477; 197634.5; 6576.5967; -108642.31; -647.78662; 81103.023; 44155.168; 0; 86714.625; 104248.09; 0]
[-0.0013270393; -70.003571; 11584.53; 13.279056; 387747.66; -625.0824; 99583.258; 0; 71167.656; 139953.75; 0; 163116.47; -35890.402; -70693; 38226.898; 121458.91; 11694.839; -26.162951; 10558.519; 0; 34627.734; 90004.867; 0; 14156.629; -8317.3076; -98.726891; -132850.61; 19728.984; -54999.539; -35812.457; 22170.828; 0; -5528.8677; 4690.9707; 70373.391; -6354.3169; -42920.676; 98865.461; -21389.98; -66448.945; 212224.16; 146.64697; -121600.36; 2105.019; 86998.172; 46939.73; 0; 77568.195; 98290.414; 0]
[-0.0013270393; -50.911686; 4886.1079; 0; 400609.94; -1536.543; 125296.49; 0; 70793.531; 144884.89; -17.67767; 170415.89; -24518.334; -71183.023; 12380.027; 111136.46; 10485.687; -20.506096; 15583.219; 0; 32813.703; 86329.453; 0; 26594.484; -4802.3994; -113.16065; -106257.85; 35266.242; -53682.605; -52185.535; 23055.904; 0; -5885.9565; 19076.807; 64075.188; -6617.5889; -45036.336; 112801.54; -18520.541; -61770.727; 255108; 0; -133075.77; 2490.1116; 89323.141; 61798.992; 0; 70016.297; 99023.07; 0]
[-0.0013270393; -9.1923876; 267.28638; 0; 390162.44; -5064.2988; 153959.77; 0; 67163.734; 140956.02; -1732.4116; 170907.23; -9808.0264; -67288.281; -4903.0781; 83575.492; 3425.2251; -58.689861; 36529.137; 0; 26989.971; 74075.773; 0; 20995.918; -595.24811; -789.81512; -71166.5; 48021.742; -47138.918; -70868.586; 23532.219; 0; -5682.3101; 36642.688; 48217.609; -6660.3125; -39790.313; 104283.31; -12771.056; -46895.32; 277374.06; 0; -140910.41; 4277.5884; 87372.938; 71184.977; 0; 55808.402; 98133.375; 0]
[-0.0013270393; -19.79899; 830.14337; 0; 376199.88; -9565.7402; 177077.92; 0; 63476.195; 132668.73; -4624.478; 173060.73; -1881.5845; -55391.914; -14695.094; 51292.953; 84.852814; -4912.978; 56873.305; 0; 19645.496; 58661.672; 0; 9163.7041; 0; -3662.71; -48924.66; 68292.375; -36882.289; -85601.984; 24899.963; 0; -5516.8472; 47119.863; 37609.594; -6704.1914; -34956.531; 85907.984; -6506.0894; -36955.52; 284931.59; 0; -141027.03; 4381.5107; 81740.125; 76312.43; 0; 46868.449; 96219.461; 0]
[-0.0013270393; 0; 640.63873; 0; 343692.78; -8889.0391; 178366.97; 0; 55144.457; 115760.46; -5914.9482; 162779.88; 0; -44139.02; -19123.703; 31512.354; 0; -3681.1978; 67573.242; 0; 13432.631; 44635.527; 0; 7300.5942; 0; -5839.3203; -35500.691; 86788.867; -29455.256; -88711.023; 24884.951; 0; -4177.5869; 47872.73; 28612.369; -6126.8408; -26679.846; 66820.789; -2839.7407; -28078.502; 273008.72; 0; -139169.7; 3597.4695; 72991.805; 79311.758; 0; 41372.816; 91837.375; 0]
[-0.0013270393; 0; 531.74426; 0; 333876.75; -8684.6855; 183172.47; 0; 46995.734; 106601.37; -7041.3691; 161777; 0; -37411.605; -18833.789; 24865.898; 0; -1627.0527; 79389; 0; 9640.0176; 38688.816; 0; 7073.6953; 0; -9345.5684; -30615.73; 97551.742; -24897.076; -93918.141; 25002.73; 0; -3496.6431; 50687.313; 23579.889; -5150.5415; -22398.314; 58567.563; -1667.3578; -23193.809; 270156.63; 0; -141424.25; 3287.4324; 69300.703; 84002.734; 0; 37951.129; 92065.43; 0]
[-0.0013270393; 0; 1295.4196; 0; 335515.09; -8452.7539; 193744.42; 0; 39162.824; 102992.93; -8140.9204; 165091.58; 0; -29924.051; -16196.987; 19411.094; 0; -562.1499; 88267.43; 0; 6453.6211; 33112.191; 0; 4814.5239; 0; -13152.039; -28235.893; 102011.47; -23423.1; -103189.23; 23645.379; 0; -3481.7937; 56153.664; 23055.217; -4468.6909; -24482.158; 51868.57; -287.08536; -23038.953; 268598.91; 0; -139516.69; 3288.5872; 63964.172; 86699.531; 0; 35353.926; 96083.211; 0]
[-0.0013270393; 0; 1664.5293; 0; 336111.19; -7964.8506; 195730.69; 0; 36368.449; 103043.73; -8208.0957; 167414.25; 0; -28268.008; -15733.833; 18270.826; 0; -337.28992; 93307.688; 0; 5793.1323; 31426.906; 0; 3871.1335; 0; -15859.812; -28235.314; 103745.29; -23652.309; -107374.45; 22576.705; 0; -3622.5081; 59558.297; 23320.381; -4089.9492; -25631.207; 50123.238; -215.66757; -23251.791; 270955.09; 0; -137129.34; 3277.04; 62030.941; 88253.766; 0; 35650.203; 98560.039; 0]
[-0.0013270393; 0; 1861.8121; 0; 341233.47; -6875.9063; 196299.2; 0; 35355.199; 106814.41; -8106.979; 168202.92; 0; -28661.158; -15522.407; 18349.346; 0; -377.595; 91361.023; 0; 6158.5952; 32672.828; 0; 3053.6055; 0; -16270.886; -31106.477; 99262.938; -26210.547; -109051.07; 20986.105; 0; -3888.3801; 58597.586; 26459.936; -3491.2371; -29474.332; 49850.734; -376.88791; -26509.434; 269466.09; 0; -133902.53; 3425.9963; 59529.199; 88010.125; 0; 37277.254; 100720.48; 0]
[-0.0013270393; -12.020815; 2424.6689; 0; 350711.53; -6453.7637; 197234.7; 0; 34813.645; 114112.7; -7666.4517; 171490.34; 0; -31503.729; -16059.103; 19475.756; 0; -663.97327; 87394.156; 0; 6784.4429; 35736.25; 0; 1125.2556; 0; -17729.85; -36175.613; 89933.375; -30302.229; -110770.99; 19091.818; 0; -4743.272; 56145.582; 32916.527; -2773.0132; -36659.242; 49876.133; -570.63519; -32959.66; 268422.25; 0; -126249.76; 3879.7937; 56882.496; 86666.047; 0; 39317.258; 103115.34; 0]
[-0.0013270393; -7.7781744; 3449.2668; 0; 376354.06; -6561.9507; 202072.73; 0; 34624.852; 130920.53; -7656.5522; 184328.31; 0; -40170.734; -17351.693; 25960.555; 0; -1498.3593; 83213.742; 0; 11092.053; 44170.758; 0; -2875.7817; 0; -26867.572; -46808.672; 76139.844; -36747.766; -118582.55; 15001.292; 0; -6371.0322; 48940.828; 44864.512; -2366.5586; -50964.719; 51609.336; -3355.2217; -45114.117; 272688.31; 0; -121338.24; 4055.8855; 52853.402; 88019.938; 0; 43559.191; 107586.34; 0]
[-0.0013270393; -77.781746; 4965.3037; 0; 387807.06; -7020.8633; 189965.64; 0; 36378.84; 141352.08; -6206.2759; 185776.3; 0; -49795.871; -11278.354; 35227.605; 0; -2338.4021; 70392.477; 0; 16971.789; 54609.25; 0; -8399.8691; 0; -30004.316; -58606.824; 59032.102; -46011.352; -113202.8; 14437.798; 0; -8458.4111; 43311.66; 59790.121; -2837.6765; -65089.887; 55446.984; -9388.9639; -59812.746; 263662.59; 0; -108887.1; 3065.73; 49575.254; 84252.727; 0; 48477.117; 110653.79; 0]
[-0.0013270393; -2486.8945; 12927.326; 0; 417129.38; -4441.3374; 167243.48; 0; 27899.873; 158272.5; -4288.6025; 189000.81; -2393.1169; -64756.84; 6740.1421; 56454.465; 4719.2305; -2403.4558; 55499.395; 0; 26705.914; 75351.711; 0; -15228.768; 0; -39705.531; -84190.367; 30891.373; -53580.992; -105077.17; 10817.813; 0; -23140.777; 37328.004; 85318.086; -5063.939; -91744.984; 62961.781; -12819.846; -80465.211; 249726.5; 0; -85241.727; -2649.4604; 38507.621; 74601.734; 0; 51949.719; 110083.95; -514.41907]
[-0.0013270393; -8174.1543; 19126.531; 0; 412446.88; -3771.0005; 138685.56; 1969.9995; 19556.008; 159047.88; -2276.8838; 180185.81; -5618.7729; -78056.102; 15666.658; 72849.477; 4969.5464; -77.781746; 41710.105; 0; 30404.418; 86096.203; 0; -16469.492; 0; -45142.441; -98637.984; 10774.186; -50836.27; -88511.258; 14284.801; 0; -35177.148; 30708.684; 100641.09; -6571.978; -112422.2; 64299.5; -9145.0117; -88666.945; 222119.92; 0; -57959.617; -8668.3359; 25412.004; 58978.063; 0; 51345.852; 98940.516; -1264.3971]
[-0.0013270393; -23466.752; 34576.105; 0; 428222.44; 5.6568537; 95200.609; 2968.4343; 9836.3164; 168245.05; -36.76955; 176201.52; -16531.848; -82451.477; 39315.84; 108423.49; 3574.4248; 0; 24966.525; -103.94469; 51082.219; 99636.219; -45.610672; -20914.512; 0; -61791.488; -129280.27; 8230.7227; -51953.441; -72851.211; 17099.961; 0; -40950.672; 19017.918; 134809.91; -4242.9468; -141506.2; 45367.027; -13401.795; -105536.39; 174220.06; 0; -37154.801; -26070.828; 13232.089; 45653.391; 2.1213202; 46707.938; 82371.719; -2404.0864]
[-0.0013270393; -40084.469; 43308.875; 0; 424297.31; 1503.309; 55622.434; 2912.5728; 8444.3252; 164185.7; 88.388344; 173221.25; -34090.801; -73502.336; 63138.27; 136205.59; 7494.625; 0; 14947.53; -5140.666; 71178.625; 102706.57; -6010.2163; -36367.293; 5.7735023; -74401.398; -148619.77; 8460.5322; -43873.422; -52492.109; 31921.117; 0; -40476.914; 9801.6758; 162775.98; -11988.101; -140081.39; 28138.898; -18138.703; -105303.05; 125808.09; 47.920071; -20637.961; -50343.211; 10571.246; 32270.992; 1210.5668; 33307.559; 53993.797; -3368.2615]
[-0.0013270393; -50387.723; 54097.203; 0; 398602.44; 4533.9688; 32589.844; 2847.519; 2073.2649; 151926.25; 2788.1221; 161555.3; -52220.176; -63470.609; 84180.352; 153124.83; 10324.467; 0; 11943.033; -12951.367; 70221.383; 88702.359; -10372.675; -53617.363; -132.21321; -77896.094; -164761.34; 6334.2627; -29685.619; -34663.531; 37504.672; 24.748737; -38548.633; 3251.0591; 179563.39; -13423.971; -115746.31; 12816.021; -13560.186; -93799.836; 80488.398; 2609.623; -5504.457; -69963.883; 2502.4509; 14671.048; 3891.2085; 21652.316; 34673.926; -4738.8906]
[-0.0013270393; -56523.992; 59526.371; 10.392304; 356254.53; 6727.4136; 12220.219; 2848.9331; 522.50195; 128900.95; 5342.1914; 144270.59; -64454.227; -56571.371; 88560.172; 151419.34; 2006.769; 0; 14283.557; -16022.332; 64151.699; 59332.551; -18421.516; -61772.438; -815.7959; -70675.18; -149047.58; 8499.4238; -14171.64; -18531.789; 39583.711; 715.59204; -33129.367; 4591.6665; 186027.77; -18117.828; -77190.609; 9160.8164; -10373.963; -69042.617; 56390.379; 5656.3008; 1542.6802; -86462.242; -26.870058; 10827.627; 10157.589; 14670.344; 11245.63; -9297.0713]
[-0.0013270393; -57798.199; 59348.18; 28.867514; 336525.56; 8225.7734; 3996.5674; 2852.4688; 4311.6519; 113101.19; 6800.2456; 138822.14; -74408.32; -54314.285; 86344.102; 143841.05; -906.51086; 0; 14000.714; -13953.338; 60170.867; 39905.297; -27680.48; -64589.906; -49.652122; -61035.16; -132567.7; 6190.0127; -15472.987; -9360.5801; 39513.852; 5427.7515; -26110.623; 4873.9907; 199529.27; -27623.322; -48144.781; 7314.4502; -11568.975; -48348.426; 39875.273; 13317.738; 4331.2817; -97199.227; -427.0925; 10032.038; 15354.116; 11363.206; -5905.7148; -21458.955]
[-0.0013270393; -56473.082; 51194.531; 661.64337; 301056.38; 9874.0391; 201.52542; 2885.7026; 5017.751; 94346.539; 6827.8228; 126904.48; -78868.352; -50418.125; 74365.008; 129907.84; -1012.5769; 0; 15273.506; -13005.107; 54995.5; 23574.365; -30693.672; -64856.641; 46.765373; -52854.109; -111627.79; 3616.8511; -11856.465; -4623.4209; 34984.539; 8983.084; -20634.789; 4409.2236; 192227.69; -32020.422; -21368.766; 4784.5015; -7565.335; -28625.805; 28747.424; 18684.209; 8030.9424; -96781.805; -1588.1617; 8557.4854; 16977.633; 8428.0059; -18259.279; -32275.033]
[-0.0013270393; -55563.035; 47738.898; 2606.7363; 286663.19; 10743.78; 51.618793; 2444.4683; 4394.2129; 86481.875; 6945.9097; 122226.78; -83671.328; -49788.094; 66503.391; 121943.3; -1012.5769; 0; 12727.922; -13131.68; 53502.469; 14523.246; -33024.434; -68693.711; 576.77289; -48441.422; -102257.4; -2650.9434; -12643.971; -2920.2375; 30157.891; 11546.346; -17012.988; 3364.7974; 192712.77; -31975.965; -9726.2539; 3006.8401; -6074.7544; -20953.695; 20532.307; 27689.719; 10297.042; -97716.531; -4835.1963; 7580.0317; 19130.773; 5856.9658; -25355.492; -38770.223]
[-0.0013270393; -52921.992; 43022.496; 3236.0483; 238466.81; 10258.705; 0; 1179.4541; 3946.189; 77042.203; 3524.9272; 93909.484; -66380.266; -32574.996; 60393.988; 112903.16; -1015.4053; 0; 13717.871; -13981.622; 51021.02; 7034.4346; -27109.48; -65421.289; 0; -43099.199; -94229.914; -2130.5127; -13101.231; -1734.9375; 29674.648; 6573.2642; -15308.154; 3823.791; 165547.84; -16640.389; 149.90625; 1622.9315; -3536.948; -13165.621; 17419.813; 32431.496; 9219.1289; -94979.891; -6445.9854; 6537.9146; 19622.92; 4186.0723; -21031.715; -20478.035]
[-0.0013270393; -52965.832; 44378.727; 2538.0317; 261546.78; 10657.514; 0; 1503.309; 3732.5693; 77829.125; 6475.6836; 109991.58; -80425.469; -41439.992; 61406.566; 113622.53; -1015.4053; 0; 14849.242; -13420.179; 51761.762; 8790.1582; -32512.324; -66951.844; 682.42798; -44387.266; -91353.555; 992.07129; -12218.464; -2089.4307; 29476.617; 11054.2; -14873.99; 4503.9092; 179645.42; -29481.236; -1167.4336; 1043.272; -3833.9329; -14388.209; 17929.611; 29820.717; 10037.234; -95403.664; -6388.0024; 6773.4731; 19612.313; 3143.0896; -29623.84; -35317.672]
[-0.0013270393; -53121.395; 45674.148; 2120.6077; 244487.81; 10352.043; 0; 1315.9257; 3708.3208; 77195.766; 3985.2537; 99252.859; -68196.031; -33955.973; 64261.863; 114317.08; -1012.5769; 0; 15980.613; -12769.641; 50710.984; 9372.7031; -28252.057; -65000.98; 0; -44005.059; -91638.188; 3151.5752; -11432.112; -1812.8798; 30784.316; 7737.1621; -15186.532; 5418.4321; 163035.48; -18733.285; -3155.8164; 941.65826; -3952.7268; -16659.436; 19316.408; 25776.381; 9604.7988; -93569.422; -6390.8311; 6769.4316; 19412.201; 3505.1282; -22470.471; -22479.131]
[-0.0013270393; -56516.215; 47936.891; 744.7818; 279814.19; 10282.039; 141.42136; 2472.0452; 3479.1128; 82784.516; 6899.2407; 120777.63; -81296.688; -47089.777; 68464.906; 118104.5; -999.14185; 0; 14849.242; -10848.433; 50991; 18311.816; -32590.846; -63389.016; 219.3931; -50523.344; -92154.336; 5004.9019; -9864.6064; -3666.7515; 32915.891; 10621.451; -18104.762; 4505.064; 178032.5; -32694.77; -12879.246; 1577.3209; -5548.667; -23111.785; 23214.676; 18330.293; 9424.665; -92266.922; -3795.749; 7890.646; 18442.051; 4283.6528; -25536.781; -35195.852]
[-0.0013270393; -57343.531; 55460.504; 61.776482; 297021.63; 10023.945; 842.16418; 2870.8535; 1195.6924; 91027.352; 7155.2134; 126418.92; -79096.406; -48444.59; 75332.328; 125627.95; -862.67029; 0; 15132.085; -9621.6016; 51563.727; 31060.865; -31341.459; -60491.297; 15.011106; -56539.91; -99615.438; 8208.0957; -7477.8408; -7260.1797; 37276.043; 8870.6543; -22417.406; 4656.3301; 176245.66; -32693.611; -31247.758; 2329.031; -6408.5088; -34613.586; 27684.523; 11361.098; 9850.1729; -90043.547; -1186.5251; 7892.9556; 16703.982; 5311.7861; -20898.348; -30473.701]
[-0.0013270393; -57587.48; 60154.988; 4.6188021; 320765.56; 8999.3477; 2493.2585; 2856.0042; 122.9756; 94655.422; 10303.253; 141934.64; -87382.539; -59026.445; 70400.258; 122566.84; 999.84894; 0; 13010.765; -6233.146; 49970.242; 45211.145; -33951.082; -54139.867; 32.908966; -64699.023; -91764.055; 7443.0059; -6565.0498; -19219.99; 35451.039; 10359.114; -26672.066; 1438.1794; 178174.64; -47408.539; -52699.961; 1054.819; -6567.6074; -42749.555; 30339.178; 4031.637; 10287.805; -82895.953; -340.11835; 9120.4023; 14490.739; 2740.7458; -25323.16; -36926.746]
[-0.0013270393; -57627.082; 55573.641; -0.57734966; 318362.09; 7695.4429; 4311.937; 2845.3977; 0; 96138.633; 11407.754; 138578.5; -77374.75; -58301.66; 59633.848; 108742.77; 2000.405; 0; 15472.91; -1755.7461; 49687.918; 57724.059; -31185.574; -42915.023; 388.55673; -72891.047; -79579.07; 9899.4951; -10231.224; -30365.738; 38408.805; 8149.4053; -32574.994; 1995.8998; 158377.77; -47185.105; -70188.125; 1805.3743; -4253.9551; -44679.957; 42477.969; 228.05334; 6485.375; -70526.797; -65.760933; 11475.991; 12303.657; 4090.6125; -23225.645; -28262.449]
[-0.0013270393; -52998.359; 43390.898; 0; 351806.81; 4275.1675; 12276.788; 2831.2556; 0; 100942.19; 15126.428; 160141.38; -86230.727; -72221.055; 39904.863; 93615.609; -308.29855; 0; 22524.887; -344.36099; 46380.855; 62219.883; -30606.492; -30447.719; 5561.0376; -79854.469; -67967.406; 9616.6523; -14556.154; -57770.82; 38028.91; 11843.331; -37099.063; 2208.9419; 148254.13; -57786.988; -88281.578; 2653.5017; 13230.675; -48657.43; 58382.234; 0; 1793.8274; -56889.785; 0; 13399.145; 10374.671; 5579.0723; -25630.309; -35690.637]
[-0.0013270393; -38861.883; 21474.125; 0; 346636.44; 42.426407; 31778.793; 2825.5986; 0; 103068.56; 12845.302; 164910.86; -86057.523; -68585.82; 14129.407; 58775.988; -11.313708; 434.16354; 40942.188; -7.7781744; 25393.018; 54978.754; -26040.229; -21099.844; 9604.2217; -81729.125; -50944.813; 8626.7021; -16192.942; -87036.133; 37126.508; 9628.6729; -41852.941; 2255.1301; 123957.94; -50932.109; -90761.398; 4050.1121; 42607.422; -44919.664; 73985.703; 0; -2633.8718; -36084.391; 0; 10828.204; 7564.6284; 7684.8364; -22054.781; -29719.105]
[-0.0013270393; -22460.539; 13767.369; 0; 319407.19; 0; 32214.371; 2839.7407; 0; 96867.828; 10248.806; 160532.81; -85864.109; -45691.824; 3023.5886; 28504.359; -3.5355339; 2999.5469; 59034.93; 0; 10966.769; 33852.934; -21312.309; -14464.356; 13071.21; -81829.586; -33107.574; 6081.1182; -10352.468; -110240.41; 29612.295; 8560.2344; -41651.418; 1867.728; 96476.234; -44133.809; -77032.211; 3118.2688; 59776.684; -34615.703; 70060.875; 0; -2331.3406; -19483.84; 0; 12035.443; 4653.4697; 5844.2373; -21400.643; -25805.824]
[-0.0013270393; -11316.537; 11557.66; 0; 308215.13; 0; 32972.387; 2861.6611; 0; 92070.047; 6193.5479; 165264.2; -91163.609; -27410.287; 83.438599; 14765.733; 0; 9984.3477; 88282.984; 0; 5009.0908; 19544.461; -18185.955; -8589.2402; 17531.818; -83204.828; -17144.994; 7071.0679; -859.67456; -140161.59; 23290.887; 6984.8008; -41746.168; 11432.689; 63504.551; -36963.695; -68298.031; 3822.0586; 74272.375; -15100.972; 73926.813; 0; -2297.854; -9257.8115; 0; 13756.524; 3046.9229; 1733.8258; -15789.376; -20091.789]
[-0.0013270393; -250.3158; 13792.824; 0; 269575.97; 0; 33243.211; 2821.356; 0; 72706.297; 2428.2051; 153223.56; -86929.898; -8290.1201; 0; 3719.8677; 0; 11769.085; 123721.77; 0; 43.87862; 7449.5503; -13303.305; -1089.46; 18684.787; -76851.094; -5588.7505; 8202.4385; -11.547005; -153314.22; 14430.87; 5385.3252; -37439.184; 17856.289; 33101.789; -28748.002; -42045.277; 1868.8828; 88652.094; -2716.7041; 71524.461; 0; -2551.8882; -204.38199; 0; 13379.515; 3399.0623; 13.435029; -9853.6367; -11665.361]
[-0.0013270393; -78.488853; 13742.62; 0; 240543.58; 0; 31187.65; 1026.719; 0; 52088.539; 314.66211; 146170.66; -84094.531; -2135.4624; 0; 281.74692; 0; 15321.59; 145208.63; 0; 16.165808; 2701.4219; -10944.252; -66.972633; 19307.17; -77020.836; -1210.7035; 9333.8096; -2.309401; -156986.73; 8459.3359; 4108.9976; -31136.74; 11042.979; 19953.846; -25084.715; -26058.299; 33.486317; 93548.813; -336.58282; 65069.109; 0; -1693.9457; -64.085876; 0; 12276.776; 3891.2085; 0; -9102.5039; -8650.4385]
[-0.0013270393; 0; 13392.603; 0; 230625.7; 0; 31138.861; 148.49242; 0; 40820.398; 446.8916; 146215.69; -82441.578; -90.509666; 0; 0; 0; 17383.514; 151486.31; 0; 0; 486.70627; -10540.106; -18.475208; 19319.871; -74994.328; -442.82764; 8202.4385; 0; -165036.16; 4528.7354; 4978.0317; -28910.768; 6603.7324; 14757.318; -24002.76; -19422.102; 10.392304; 94494.922; -31.819805; 62115.383; 0; -1539.7931; 0; 0; 12034.866; 4213.6494; 0; -8180.4756; -9249.7285]
[-0.0013270393; 0; 12744.893; 0; 212634.08; 0; 27897.482; 43.133514; 0; 34647.367; -1042.2754; 133721.25; -77911.688; -67.882248; 0; 0; 0; 17465.537; 150987.8; 0; 0; 68.704681; -6353.1621; -9.2376041; 19379.338; -71570.07; -183.02003; 8485.2813; 0; -158801.92; 2060.563; 4173.3442; -27203.813; 4834.731; 7822.0151; -19347.584; -16045.667; 0; 93700.133; -24.04163; 57825.672; 0; -1475.7073; 0; 0; 10409.048; 4429.3169; 0; -6264.8281; -7610.0537]
[-0.0013270393; 0; 12303.658; 0; 206856.31; 0; 28010.621; 41.719299; 0; 31471.941; -794.78809; 127981.23; -74481.07; -41.719299; 0; 0; 0; 17532.713; 149774.41; 0; 0; 60.044426; -5417.2773; -6.9282031; 19286.385; -71331.625; -278.28284; 6363.9609; 0; -156356.84; 934.15271; 2802.9712; -26980.365; 2861.9253; 5975.0522; -16784.727; -15296.134; 0; 93419.414; -14.142136; 55101.734; 0; -1469.3564; 0; 0; 10786.635; 4331.0288; 0; -5125.1387; -5382.0591]
[-0.0013270393; 0; 12616.906; 0; 214033.44; 0; 29258.664; 54.44722; 0; 33561.371; -1400.0718; 128944.83; -75599.977; -65.760933; 0; 0; 0; 16687.721; 153960.48; 0; 0; 159.34868; -4584.7383; -20.784609; 19484.994; -73427.406; -299.64478; 8768.124; 0; -159090.59; 2211.2515; 3905.3506; -27648.582; 4588.2026; 7462.8047; -17657.104; -16872.982; 0; 94188.742; -45.254833; 59376.434; 0; -1625.241; 0; 0; 11254.866; 4342.3428; 0; -4872.2583; -6101.4375]
[-0.0013270393; 0; 13475.334; 0; 229645.66; 0; 35165.832; 72.832001; 0; 38425.543; -1115.1074; 144207.08; -80352.148; -101.82337; 0; 0; 0; 18154.967; 159121.66; 0; 0; 125.285; -7230.1572; -36.950417; 19562.936; -77098.781; -620.07416; 8485.2813; 0; -169193.08; 2294.9673; 5132.1812; -28748.133; 7116.4194; 10557.104; -21040.953; -19069.256; 19.052559; 94960.906; -69.296463; 65052.938; 0; -2521.866; 0; 0; 14206.28; 4236.2769; 0; -3603.8193; -9000.3135]
[-0.0013270393; -35.355339; 13921.519; 0; 280710.06; 0; 44537.828; 2729.4321; 0; 65186.887; -1139.8555; 165082.91; -84651.672; -3581.4958; 0; 1172.021; 0; 13536.852; 153435.81; 0; 15.588457; 6140.6973; -9982.9629; -1275.9441; 19702.078; -86793.641; -5543.1396; 8909.5449; -5.1961522; -174262.2; 10598.996; 5239.6611; -37642.828; 16657.709; 26855.207; -25365.307; -39135.531; 979.18604; 96239.352; -2580.2327; 82016.648; 0; -4126.8994; -28.867514; 0; 17344.756; 3867.167; 0; -3681.1858; -9789.5518]
[-0.0013270393; -3599.8806; 13908.79; 0; 333363.38; 0; 59438.688; 2928.1292; 0; 97008.125; 2184.9604; 178746.48; -78838.336; -15798.18; 0; 8885.998; 0; 6643.2681; 119291.74; 0; 958.97876; 15978.168; -9238.1807; -9953.5186; 15884.061; -91769.242; -18019.102; 6393.6592; -1852.1396; -165283.83; 14826.354; 5577.6582; -45969.012; 23824.936; 49717.383; -28720.865; -68457.836; 9476.627; 87464.156; -18318.309; 103359.55; 0; -8780.9199; -2958.9202; 0; 23130.383; 2766.2017; 488.61078; 777.11499; -12132.438]
[-0.0013270393; -17622.516; 18103.348; 0; 402366.38; 0; 78092.164; 2958.5347; 0; 136850.48; 4916.5132; 202459.41; -68097.305; -45220.184; 5154.1011; 37191.75; 28.284271; 1406.4353; 82964.836; 0; 17557.221; 45872.789; -12116.85; -21122.938; 11413.638; -101259.16; -52290.613; 7589.377; -21029.406; -142395.36; 22387.334; 7727.9697; -52099.629; 14527.864; 101731.45; -33712.059; -106089.34; 12658.981; 58986.145; -55879.113; 129572.41; 0; -11391.697; -20034.633; 0; 34751.867; 1844.1345; 18350.127; 10855.34; -16302.64]
[-0.0013270393; -35341.195; 31907.486; 0; 439233.5; 0; 82675.633; 3049.0444; 925.49249; 157803.09; 8324.7676; 194774.88; -50771.605; -78465.516; 23816.063; 85528.672; 21.213203; 0; 46010.023; 0; 36877.668; 84894.734; -15856.348; -25645.898; 2551.3108; -95996.609; -96188.289; 8543.9707; -36831.48; -99051.945; 30467.35; 1287.6415; -55125.336; 14168.752; 140559.39; -32187.855; -138235.83; 15685.451; 28603.176; -83255.461; 136022; 0; -14042.313; -33992.652; 1884.4396; 25376.854; 1615.739; 22401.143; 26446.684; -8990.498]
[-0.0013270393; -46698.039; 46728.441; 8.0829039; 465658.81; 99.702057; 65523.34; 3074.5002; 2797.8394; 173310.73; 4296.3809; 190322.36; -45951.883; -86135.5; 57061.395; 132315.97; 3060.3582; 0; 21310.076; -639.93164; 66509.594; 102241.23; -13124.903; -33621.992; 35.218365; -84110.695; -141585.33; 9531.7998; -45156.297; -67556.328; 37037.594; 29.698484; -46047.5; 12373.193; 174009.08; -23516.055; -158598.39; 23587.068; -8512.1523; -108724.03; 134115; 17.897858; -15647.346; -48926.969; 4093.4412; 34284.211; 3360.1714; 34318.719; 52360.469; -5414.9678]
[-0.0013270393; -50995.832; 55852.949; 902.39844; 467813.38; 1900.703; 54111.344; 3097.8347; 8026.9004; 185400.44; 79.903069; 189810.81; -51728.852; -77444.453; 93832.359; 166685.64; 11092.385; 0; 14085.566; -4229.2056; 75407.719; 113407.76; -4906.3223; -47213.969; -79.674339; -76983.883; -204829.45; 1484.9243; -47633.125; -42084.793; 37180.777; 23.334524; -39521.609; 6407.4336; 200767.41; -13063.704; -143968.34; 34040.57; -25899.201; -121729.84; 126889.47; 1930.6593; -19010.99; -60258.625; 6807.3169; 27409.703; 2956.4133; 51733.344; 77402.461; -3416.1814]
