[-0.0013270393; -19584.029; 26154.465; 0; 372228.78; 0; 91848.219; 2503.158; 72.168785; 145944.91; -3294.4104; 166765.89; -21432.975; -54253.473; 20035.164; 65920.117; 170.41273; 0; 43257.965; 0; 31728.863; 68061.516; -1096.3882; -22163.32; 207.26874; -73649.109; -86923.547; 4053.136; -39772.504; -93805.555; 14901.987; 0; -42334.48; 19713.625; 104402.2; -9038.418; -112562.2; 30254.307; 13862.83; -78172.07; 142730.8; 0; -24742.346; -21755.713; 181.72644; 43450.805; 36.062447; 34923.297; 62593.426; -1992.4358]
[-0.0013270393; -19480.084; 25748.586; 0; 360442.72; 0; 89713.461; 2503.865; 26.558111; 142013.16; -2771.1514; 159091.75; -18324.52; -53199.887; 20610.041; 65562.742; 647.70978; 0; 39305.238; 0; 31875.508; 67776.305; -711.29553; -22252.234; 27.712812; -69416.555; -87253.219; 4635.792; -39972.27; -88000.883; 14172.217; 0; -40595.707; 19378.762; 104167.44; -7347.3599; -112535.34; 29791.273; 8796.4082; -79026.961; 140218.17; 0; -23517.209; -21543.824; 50.911686; 42422.543; 19.091883; 35010.27; 63529.891; -1870.6149]
[-0.0013270393; -19497.762; 26213.861; 0; 370905.81; 0; 90351.273; 2489.7229; 17.897858; 143920.14; -3174.9094; 165690.28; -21493.018; -53769.813; 20769.848; 66211.68; 582.65601; 0; 44414.082; 0; 32253.672; 68410.234; -1208.9714; -22151.773; 217.66104; -73143.344; -87599.047; 5767.1626; -40385.074; -92844.273; 14548.649; 0; -42085.578; 19325.068; 105122.03; -8978.374; -112555.13; 30381.326; 13101.273; -79198.789; 143515.41; 0; -24084.166; -21481.471; 43.133514; 42516.648; 37.476658; 35674.242; 62208.336; -1966.455]
[-0.0013270393; -19441.9; 26548.324; 0; 374862.06; 0; 92029.945; 2516.593; 32.908966; 144415.52; -3208.1436; 167807.42; -21625.232; -53788.906; 20986.223; 66515.367; 662.55908; 0; 46902.391; 0; 32537.152; 68702.375; -1472.2432; -22300.73; 222.27985; -73445.305; -88230.094; 7013.085; -40612.551; -94483.945; 14328.102; 0; -42202.961; 19997.104; 105311.53; -9134.8359; -112842.92; 31281.992; 13184.713; -79344.453; 146958.73; 0; -24976.172; -21643.705; 67.17514; 43583.594; 33.23402; 36128.914; 63221.008; -1970.4963]
[-0.0013270393; -19526.754; 25963.547; 0; 370558.59; 0; 90956.555; 2502.4509; 58.889725; 143480.77; -3008.0322; 164786.16; -21095.223; -54289.535; 20636.203; 66672.984; 433.45645; 0; 42786.324; 0; 32354.709; 68449.492; -1828.4683; -22394.262; 129.32646; -71816.602; -87761.859; 5754.4351; -40203.207; -91875.477; 14583.29; 0; -41390.496; 19344.119; 105519.42; -9383.6738; -112404.52; 30581.088; 11547.762; -79015.648; 144234.8; 0; -24577.801; -21809.406; 115.2584; 42638.469; 28.991379; 35862.336; 62169.082; -1959.5267]
[-0.0013270393; -19448.973; 27039.057; 0; 378472.53; 13.435029; 89708.516; 2514.4717; 61.776478; 145804.61; -2624.7803; 169271.02; -24502.744; -54486.113; 20823.588; 67081.75; 481.5397; 0; 47573.438; -68.589355; 32619.137; 67946.039; -1646.0256; -22809.953; 783.46429; -75145.594; -88093.836; 6029.4995; -40108.523; -95995.453; 14942.979; 4.9497476; -42722.684; 19553.121; 105991.77; -10532.023; -112521.9; 30311.465; 17592.111; -79403.141; 143834.11; 0; -23954.262; -22056.512; 123.74368; 42111.93; 265.87213; 35149.57; 59478.043; -1964.7229]
[-0.0013270393; -19670.297; 26521.453; 0; 371554.19; 12.020815; 89893.773; 2503.158; 75.055534; 145734.17; -2832.6699; 164189.17; -21277.09; -54462.777; 21282.5; 67484.734; 581.94891; 0; 40140.328; -64.346718; 32872.59; 68544.18; -1644.2936; -22926.578; 144.91492; -71511.758; -89048.773; 4236.9839; -40441.078; -91072.383; 14966.65; 0; -41107.652; 19322.182; 106442.2; -9358.8477; -113023.95; 30415.391; 11371.691; -79731.945; 140971.63; 0; -24484.27; -22281.678; 191.62593; 42419.078; 36.769554; 35476.254; 62001.07; -2023.0353]
[-0.0013270393; -19576.959; 27369.98; 0; 374760.94; 12.020815; 89849.938; 2513.0574; 52.538872; 145220.34; -2612.0525; 165965.11; -22075.566; -53982.652; 21914.652; 67794.203; 882.46924; 0; 44264.883; -64.346718; 32851.23; 68608.844; -1633.3239; -22945.053; 223.43456; -72668.188; -89812.031; 6532.9595; -40563.473; -92815.406; 14619.663; 0; -42050.934; 19550.811; 106671.3; -9622.1201; -113317.4; 30671.156; 13089.959; -80372.586; 144406.84; 0; -24519.488; -22048.43; 130.10765; 42245.871; 38.183765; 35645.254; 61720.473; -1974.5378]
[-0.0013270393; -19932.633; 26213.863; 0; 356392.44; 13.435029; 88332.484; 2501.7437; 23.67136; 141168.5; -1749.3821; 154586.11; -16292.247; -53452.32; 22374.271; 68165.438; 748.11896; 0; 37000.07; -68.589355; 33139.328; 68797.055; -577.35028; -23102.094; 34.641014; -66537.313; -89690.211; 5907.1699; -40289.234; -83266.031; 14583.867; 0; -39774.754; 19602.773; 106359.46; -6166.6782; -113419.93; 30384.213; 4130.2109; -80568.453; 139875.22; 0; -24025.854; -22620.006; 41.012192; 41692.773; 20.506096; 35245.031; 64488.867; -1989.549]
[-0.0013270393; -19463.113; 26698.938; 0; 364158.56; 12.020815; 89862.664; 2503.158; 70.436729; 144656.84; -2213.2441; 159034.02; -17652.484; -54258.422; 22175.576; 68290.141; 1028.1332; 0; 40310.035; -64.346718; 33565.414; 69431.563; -638.54938; -23186.387; 25.980762; -68122.711; -90846.063; 7146.728; -41140.824; -86646.422; 13820.61; 0; -39957.898; 21596.365; 105856.01; -6879.7056; -113243.15; 31379.564; 6624.8828; -80838.57; 144267.7; 0; -25243.484; -22271.863; 153.44217; 42556.488; 24.748737; 36236.395; 65160.902; -1958.9495]
[-0.0013270393; -18694.488; 27202.396; 0; 377155.91; 0; 90871; 2503.865; 52.538872; 147865.75; -2645.2864; 167197.75; -22332.486; -53974.168; 21937.281; 67066.734; 1590.2831; 0; 43254.43; 0; 32597.195; 69065.523; -1629.2825; -22777.045; 219.3931; -71884.727; -90150.359; 4687.4106; -41281.699; -93913.523; 14378.908; 0; -41526.258; 20901.811; 106723.63; -9410.8096; -113615.09; 31817.773; 12652.969; -81100.906; 144136.64; 0; -25467.496; -21359.072; 130.10765; 42896.547; 42.426407; 36510.043; 63419.617; -1966.455]
[-0.0013270393; -19326.643; 27272.4; 0; 367017.41; 12.020815; 90009.031; 2503.158; 51.384174; 146675.83; -1566.9486; 158476.3; -18098.775; -55176.957; 23931.322; 70102.445; 2327.0884; 0; 36471.859; -64.346718; 33926.836; 71091.445; -1121.7915; -23057.061; 23.67136; -65948.992; -93868.492; 5692.9165; -42229.707; -84929.953; 14636.406; 0; -39369.586; 21327.318; 108554.32; -7159.1436; -114610.7; 32630.105; 3462.7031; -82546.227; 142921.33; 0; -26124.521; -21935.27; 129.40054; 42958.898; 19.091883; 38036.688; 67710.484; -1983.1981]
[-0.0013270393; -19330.178; 29536.559; 0; 386054.84; 14.142136; 90726.75; 2500.3296; 95.262794; 151755.36; -2194.1523; 169037.77; -22834.203; -55711.527; 25420.488; 72739.203; 1978.4847; 0; 43524.543; -118.08683; 34884.082; 71452.289; -1626.973; -24701.354; 228.05334; -71608.75; -97138.023; 7030.0557; -42695.629; -92792.313; 14336.185; 0; -41709.402; 21964.135; 110160.87; -9528.0117; -115410.43; 33046.375; 11950.104; -84293.492; 147527.42; 0; -27145.277; -22901.176; 304.05591; 42706.023; 36.769554; 38247.406; 65557.547; -1970.4965]
[-0.0013270393; -19585.443; 30130.525; 0; 388454.75; 55.861435; 90557.039; 2492.5513; 68.704681; 153330.95; -2003.9407; 168772.75; -22740.672; -56907.953; 27694.543; 75836.109; 2973.384; 0; 42455.398; -261.62952; 36017.418; 73239.188; -1506.8842; -25577.77; 129.32646; -70365.719; -101405.22; 7938.6875; -43456.578; -90471.367; 14784.208; 0; -41008.656; 22886.742; 112688.78; -9540.7119; -116394.02; 33959.742; 9679.5859; -86223.188; 148500.25; 0; -27475.521; -23457.164; 226.98128; 42434.09; 28.284271; 39288.266; 67863.484; -1986.6622]
[-0.0013270393; -20713.279; 30215.379; 3.4641016; 387340.38; 32.526913; 89441.938; 2455.7817; 100.45895; 154232.19; -1119.35; 166057.48; -20827.332; -58861.688; 30967.74; 81409.852; 3698.1682; 0; 34806.625; -557.90723; 38928.418; 75847.078; -1484.9448; -27080.613; 23.094009; -67930.453; -106753.8; 6781.1538; -44841.063; -84585.273; 15259.367; 0; -39311.602; 21141.41; 116519.17; -8540.7422; -117302.65; 34251.305; 2783.1719; -87783.063; 146527.45; 8.6602535; -28232.428; -25439.785; 230.5168; 41983.18; 17.67767; 42068.609; 70375.531; -2140.8147]
[-0.0013270393; -20020.314; 29260.078; 3.4641016; 383949.06; 19.091883; 88500.07; 2426.0833; 1065.2112; 154509.91; 24.04163; 160265.5; -18832.012; -61912.148; 37293.52; 88248.563; 6868.1279; 0; 26994.508; -449.71991; 40920.852; 81720.469; -312.92383; -27886.594; 2.309401; -59103.926; -118581.39; 7093.6953; -46137.793; -73238.617; 14835.592; 0; -36935.723; 20266.727; 120521.4; -5290.8379; -117691.55; 39084.301; -6655.9961; -91383.648; 148984.66; 45.610672; -30952.9; -25382.049; 2073.2371; 40545; 6.3639607; 46984.418; 77445.188; -2120.03]
[-0.0013270393; -20721.764; 33228.359; 8.0829039; 410530.63; 23.334524; 91455.07; 2409.1128; 2404.0864; 165144.11; 40.305084; 170268.67; -24049.523; -62726.027; 45324.129; 96233.898; 9099.0498; 0; 24454.58; -525.38031; 43367.664; 85923; -665.68488; -28199.52; 28.290163; -60142.578; -132178.56; 5142.7871; -46828.301; -76088.984; 14522.668; 0; -37883.953; 19834.869; 127004.86; -6369.3281; -121734.8; 43739.48; -7006.7207; -96138.234; 155344.17; 56.580326; -33199.949; -26321.977; 3201.7795; 42639.625; 7.7781744; 52820.168; 84664.945; -1987.2396]
[-0.0013270393; -20858.943; 34383.773; 22.516661; 431610.91; 14.142136; 91037.172; 2443.054; 3787.9951; 172896.2; 38.183765; 178245.34; -29664.256; -64487.43; 50684.707; 101221.05; 9502.8076; 0; 27665.553; -205.06096; 44632.063; 89461; -930.6886; -27399.889; -15.011108; -62264.336; -141596.88; 7759.0825; -46791.93; -78597.578; 14262.86; 0; -40324.176; 19383.959; 129748.44; -8059.2324; -123212.65; 47412.578; -3594.2227; -97453.453; 164847.34; 72.168785; -36684.836; -25862.404; 4775.0918; 42293.793; 11.313708; 57496.973; 88358.266; -1840.5925]
[-0.0013270393; -22336.088; 31506.557; 23.67136; 423544.22; 0; 88696.648; 2545.5845; 7286.1602; 170277.34; 14.849241; 173002.42; -26174.75; -67950.844; 57255.848; 109003.73; 9718.4756; 0; 18204.463; 0; 48286.688; 95793.953; -86.602539; -25655.715; -43.878616; -53116.805; -154498.94; 6013.2354; -46851.395; -64861.84; 14773.815; 0; -36628.836; 16314.187; 133842.58; -4579.5425; -123036.58; 51893.977; -15409.271; -98158.438; 167011.27; 228.05334; -42213.539; -26327.748; 9282.8975; 41947.383; 0; 61060.789; 94091.352; -1783.4349]
[-0.0013270393; -23745.352; 31681.211; 289.25247; 418440.31; 56.568542; 78858.672; 2536.3921; 13963.216; 167541.86; 0; 170311.41; -30535.477; -69965.391; 65311.211; 123211.74; 9662.6143; 0; 13744.741; -181.01933; 53266.914; 102673.09; 0; -25748.09; -1931.2366; -46512.492; -171409.53; 5588.2656; -46735.348; -49760.086; 14264.594; 0; -33823.039; 9653.874; 136164.72; -3341.7034; -117833.69; 55456.227; -20482.055; -99349.914; 166660.22; 1122.3689; -49879.02; -28305.174; 18381.947; 36810.121; 0; 63653.75; 92808.477; -1745.3298]
[-0.0013270393; -23714.24; 32082.848; 3418.491; 426498.53; 48.08326; 73538.398; 2399.2134; 19840.064; 172171.05; 0; 168666.53; -34841.355; -73990.242; 71236.055; 131915.88; 9678.1699; 0; 10556.396; -271.52899; 53877.75; 103555.27; 0; -26625.662; -6346.2339; -38088.953; -203011.34; -7334.8184; -46720.336; -37455.598; 11615.71; 605.99048; -29880.211; 4924.2207; 141987.05; -2854.4197; -105456.48; 59857.363; -23702.219; -99690.031; 168752.56; 6403.9688; -55966.023; -29597.283; 29077.645; 33350.063; 0; 70922.813; 99235.539; -1540.9479]
[-0.0013270393; -18106.176; 29709.092; 3533.3835; 399741.59; 46.669048; 63879.32; 1.4142135; 21502.256; 155904.2; 0; 145594.45; -36136.352; -67940.938; 65577.078; 128596.11; 9632.915; 0; 11470.686; -275.06454; 47612.344; 95374.797; 0; -25423.043; -13487.479; -23159.828; -212244.34; -15883.031; -46402.219; -23669.051; 4280.4751; 2404.1631; -18474.578; 2495.3079; 126146.43; -2484.3381; -82727.961; 55973.531; -24073.451; -97077.273; 165210.5; 20751.701; -57489.074; -26380.865; 46317.613; 27568.475; 0; 66376.109; 93770.922; -813.48651]
[-0.0013270393; -24534.484; 33874.656; 3457.7507; 398351.44; 29.698484; 58223.172; 651.95245; 20775.951; 152918.14; 0; 152101.77; -37991.379; -67436.063; 70159.844; 140124.06; 9336.6377; 0; 12586.501; 574.87787; 54757.055; 101584.78; 1505.1521; -28844.996; -3910.3933; -31895.715; -209278.5; -3564.5254; -45671.871; -21185.291; 9827.0791; 2035.7604; -26003.145; 3192.7471; 136727.58; -2645.4189; -89934.078; 50743.316; -24031.023; -98038.234; 151555.59; 18002.359; -55137.523; -32456.32; 45257.66; 24200.791; 0; 59788; 85450.148; -1364.856]
[-0.0013270393; -23411.598; 33595.352; 1969.9191; 374509.19; 43.133514; 51822.441; 36.062447; 19718.242; 144550.03; 0; 144509.61; -37240.246; -65038.266; 70575.617; 137469.98; 9294.9189; 0; 13717.871; -361.33157; 54940.074; 97320.469; 1578.4756; -28055.758; -4121.126; -28254.943; -203093.34; -440.52734; -44232.535; -15938.908; 7524.0283; 1673.0146; -23294.926; 4129.209; 129561.05; -2624.6343; -82987.461; 48314.98; -24010.518; -94967.977; 140789.75; 17793.357; -51109.352; -31657.27; 44274.074; 21252.262; 0; 57199.281; 82016.07; -1139.6895]
[-0.0013270393; -22845.205; 32712.174; 2578.4463; 385641.19; 58.689861; 54896.234; 826.60779; 20125.273; 149731.17; 0; 149348.97; -37290.477; -66492.781; 70461.773; 137016.77; 9413.0059; 0; 12586.501; -346.4823; 54282.469; 98389.141; 1606.7657; -29014.738; -4363.6133; -30873.805; -206239.91; -2322.8462; -44759.078; -19433.033; 8434.5098; 1669.4791; -25490.492; 3194.479; 134073.09; -2750.4968; -87380.719; 48679.289; -23951.121; -97213.742; 144570.81; 19991.908; -51344.336; -31153.818; 45903.25; 24162.684; 0; 58374.492; 83434.617; -1402.3838]
[-0.0013270393; -21472.004; 30998.854; 1286.9137; 398186.69; 26.870058; 66313.891; 1443.912; 22786.283; 153295.73; 0; 161371.7; -37982.719; -68305.102; 65203.023; 134087.28; 9536.042; 0; 12895.506; -309.00565; 51261.777; 101281.09; 27.712812; -25746.357; -2467.595; -31854.723; -192450.47; 1096.7227; -45959.969; -28019.963; 9788.3965; 911.46063; -26517.211; 3861.3186; 129440.14; -3091.1333; -94476.539; 53927.398; -23916.473; -98787.055; 156101.08; 12915.325; -58612.023; -27147.586; 51239.785; 34717.227; 0; 61003.516; 86657.961; -1382.1765]
[-0.0013270393; -16575.996; 25016.023; 27.135462; 419139.66; 0; 94918.477; 905.80377; 38341.254; 158846.38; 0; 180857.86; -30772.191; -72216.109; 52912.09; 131744.41; 9550.8906; 0; 11500.385; 0; 44828.941; 102578.98; 0; -13805.021; -760.3703; -31537.758; -153747.8; 9941.2139; -46132.02; -50577.039; 17514.498; 9.1923876; -26837.531; 10838.596; 113219.11; -4004.5012; -101785.9; 69275.68; -22703.783; -94033.883; 189697.09; 653.56049; -83899.969; -17891.508; 60104.781; 59614.879; 0; 62764.211; 92226.508; -1225.7146]
[-0.0013270393; -7092.9878; 15569.077; 0; 370985; -1695.6421; 112497.15; 0; 59454.375; 137575.06; -21.920309; 162024.11; -13728.234; -71764.977; 19868.285; 116407.67; 9419.3691; -5.6568542; 19085.52; 0; 37098.219; 86832.328; 0; 1233.2207; -17.320507; -15120.226; -103800.65; 21166.533; -46284.438; -56330.91; 19798.496; 0; -10981.368; 20673.18; 84303.391; -5642.4438; -76535.117; 93337.328; -22985.92; -82405.516; 209018.69; 0; -100352.72; -8190.29; 63445.863; 67673.531; 0; 55150.086; 88607.102; -445.71439]
[-0.0013270393; -2968.4343; 5877.4712; 0; 408889.44; -6043.6416; 169415.7; 30.405592; 45368.762; 148707.53; -7770.3965; 203015.41; -5354.3467; -52656.828; -15341.388; 46144.145; 3798.5776; -4026.9731; 75094.031; 0; 18636.289; 57621.863; 0; -11746.769; 0; -55572.848; -65472.098; 54251.352; -39753.453; -118842.93; 15604.623; 0; -28958.85; 37777.758; 65396.063; -3603.8203; -76583.906; 64025.258; 8414.5713; -59651.527; 270673.91; 0; -101891.93; -1391.4138; 48883; 69894.602; 0; 44970.578; 95096.516; -240.1777]
[-0.0013270393; -287.79245; 7196.9326; 0; 382661.44; -4396.79; 185751.3; 0; 5003.3174; 114683.13; -9912.9297; 201213.48; -9528.5889; -26319.221; -1516.744; 16569.375; 0; 0; 138141.08; 0; 3827.8323; 29227.203; 0; -9013.5918; 16.165808; -76862.063; -40084.852; 77641.031; -28287.854; -151870.27; 12691.313; 0; -28965.922; 62747.004; 43452.418; -1557.1136; -62337.824; 33956.277; 31165.73; -41289.379; 255429.56; 0; -96233.32; 1957.2173; 27710.807; 82246.438; 6.3639607; 32563.682; 96347.055; -13.856406]
[-0.0013270393; 0; 8313.4541; 0; 345598.44; -66.468033; 169036; 0; 45.033321; 63431.742; -13665.545; 191454.53; -18055.475; -4730.5444; -5.6568542; 1696.255; 0; 0; 189354.7; 0; 48.497421; 9706.4121; -23.67136; -4654.5977; 74.47818; -81820.922; -19780.598; 65714.969; -16400.789; -169417.09; 15255.902; 0; -28277.199; 40566.938; 27161.385; -2503.968; -49768.297; 25022.359; 49064.723; -27512.109; 215176.72; 0; -91093.75; 310.61444; 7202.5894; 84761.945; 57.27565; 20063.447; 84762.523; 0]
[-0.0013270393; 0; 8943.4863; 0; 318879; 0; 150291.3; 0; 0; 56195.813; -11656.655; 173246.08; -21988.963; -393.85846; 0; 0; 0; 0; 197349.97; 0; 0; 2980.8594; -20.784609; -2798.4167; 926.64716; -79251.719; -10174.066; 45204.629; -9359.4248; -173231.06; 7551.7417; 0; -25194.922; 33656.055; 17850.91; -2523.0208; -42166.191; 19222.299; 57023.918; -19243.91; 176404.19; 0; -75057.844; 0; 1548.5638; 83189.82; 1062.7815; 12000.309; 78157.055; 0]
[-0.0013270393; 0; 8767.417; 0; 308394.72; 0; 138230.89; 0; 0; 56417.508; -11225.32; 162524.67; -23479.104; -1087.5302; 0; 180.13329; 0; 0; 191365.02; 0; 15.011106; 2883.8645; 0; -2643.1094; 929.53394; -78764.43; -9360.5801; 33418.574; -8584.0439; -171561.94; 2129.8452; 0; -25228.156; 29679.268; 16669.336; -1920.8444; -40518.633; 17369.006; 59330.5; -18543.875; 158784.59; 0; -61225.688; 21.361959; 94.752304; 78105.102; 1069.8525; 10843.482; 75344.789; 0]
[-0.0013270393; 0; 9014.1973; 0; 311614.88; 0; 136888.09; 0; 0; 61894.828; -10666.706; 166197.78; -25093.375; -1596.6471; 0; 198.60849; 0; 37.476658; 181496.63; 0; 25.980762; 5023.5244; 0; -4521.8071; 2442.1917; -80852.125; -12634.733; 31350.285; -9522.2383; -167278.58; 2569.7861; 0; -26561.051; 31022.184; 20523.066; -2210.0967; -45570.91; 16969.479; 61695.773; -21735.756; 159794.97; 0; -53649.695; 24.248711; 138.59293; 74105.789; 1805.2435; 10040.916; 72060.242; 0]
[-0.0013270393; -45.254833; 7030.0557; 0; 270201.75; 0; 127759.34; 0; 0; 73036.531; -9036.8242; 148264.13; -8690.2764; -11303.809; 0; 5380.3271; 0; 0; 121444.88; 0; 102.19099; 14538.834; 0; -6353.1621; 27.135462; -74672.75; -20587.732; 16735.096; -15272.646; -132751.88; 109.1192; 0; -28567.113; 32769.824; 29239.572; -65.240578; -51265.949; 19782.33; 38794.707; -30560.447; 157045.03; 0; -34111.008; 329.08963; 1315.2186; 66876.211; 17.67767; 12792.269; 74113.297; -8.6602535]
[-0.0013270393; -5779.1836; 9737.5674; 0; 295117.38; 0; 95595.18; 178.89801; 0; 107312.09; -7283.9067; 157060.06; -24985.986; -23258.863; 531.03717; 16933.105; 0; 173.24117; 89743.867; 0; 6936.2861; 25774.648; -339.48196; -15521.484; 2653.5017; -79370.07; -34923.918; 8904.5957; -16136.939; -119764.38; 3091.7107; 0; -35461.406; 27151.051; 51649.199; -4950.7783; -75733.961; 18459.619; 46413.074; -43358.371; 137424.36; 0; -17042.803; -7969.7427; 22.627417; 46656.828; 1325.8252; 11552.003; 48129.652; -721.11047]
[-0.0013270393; -26172.85; 31042.695; 0; 382159.38; 0; 75936.195; 2378.7073; 0; 143380.89; 3381.3848; 168258.92; -40026.539; -55220.09; 25663.732; 72733.43; 3873.531; 0; 44539.242; 0; 35532.445; 70808.547; -7183.3921; -18967.688; 1758.0315; -77752.336; -85832.352; 6380.9316; -37456.754; -92637.578; 22633.861; 283.5498; -44530.047; 17311.848; 118874.55; -17800.285; -118175.22; 23891.908; 20264.268; -78061.055; 127973.14; 0; -13272.128; -23950.799; 0; 36144.434; 532.45142; 31900.414; 46053.496; -3458.9053]
[-0.0013270393; -46625.914; 48741.578; 13.856406; 393422.88; 2761.252; 48525.91; 2415.4768; 1295.574; 142054.73; 7371.5879; 160879.22; -50868.023; -61735.371; 57672.336; 119983.77; 3359.4641; 0; 18397.504; -7680.5938; 58091.254; 73382.945; -17607.451; -46770.566; 138.56406; -75617.297; -133366.17; 7598.5693; -31713.85; -55801.48; 33590.816; 2857.4185; -37471; 7976.6709; 168288.58; -25316.811; -118466.55; 11328.767; 2397.7979; -87735.688; 93874.836; 4875.1455; -458.41602; -61114.832; 0; 20799.043; 6749.334; 20442.457; 22904.643; -10749.685]
[-0.0013270393; -49163.719; 50143.77; 20.20726; 405339.06; 8111.2217; 34532.266; 2409.8198; 2784.5603; 134362.69; 11084.606; 171190.7; -72058.508; -65189.586; 60707.945; 130670.53; 26.162964; 0; 18544.582; -17784.441; 60853.293; 59117.199; -26453.033; -59302.531; 1790.9406; -77976.352; -129463.3; 8210.9238; -29084.598; -55528.391; 32627.797; 9175.417; -37132.297; 6819.6611; 199850.3; -35033.613; -95517.398; 1079.645; 9509.8799; -70449.047; 70820.672; 13822.92; 6271.7559; -79719.367; -10.606602; 13681.469; 10477.908; 4428.6099; -8230.1279; -28376.189]
[-0.0013270393; -49504.543; 52748.043; 101.61364; 413683.63; 9236.2285; 26760.455; 2450.1248; 2481.4514; 127157.34; 13187.541; 182046.63; -89171.75; -65239.793; 56869.77; 124520.59; -608.81897; 33.234016; 27749.697; -16473.467; 57539.305; 51257.156; -29750.859; -60644.875; 5324.9014; -82411.555; -113597.13; 9729.082; -25466.344; -64921.305; 31331.645; 13377.753; -38262.961; 4618.2246; 199580.88; -43477.359; -83553.852; 30.599564; 18908.742; -60766.633; 65581.211; 14696.451; 7940.875; -81197.391; -46.669048; 11777.367; 11725.244; 551.54327; -24117.074; -39860.84]
[-0.0013270393; -49381.508; 52084.781; 111.4286; 407846.44; 10117.283; 21092.994; 2470.6309; 1406.4253; 123861.26; 12374.368; 186825.92; -102084.19; -62798.859; 52895.828; 118126.44; -835.80017; 424.26407; 36867.84; -13505.739; 53045.785; 42085.949; -30820.113; -60806.531; 8160.2686; -86276.906; -91874.906; 7196.9331; -21607.912; -73299.234; 31973.656; 13578.571; -40034.266; 2673.1318; 192511.23; -47037.879; -70425.008; 0; 28429.936; -49349.688; 59236.137; 16136.939; 8813.252; -80721.07; -52.325901; 9577.6641; 12510.84; 672.4585; -33784.223; -41596.934]
[-0.0013270393; -48750.063; 46202.355; 2.309401; 370505.56; 6624.8833; 19984.959; 2522.25; 0; 109576.46; 12304.365; 176124.16; -92915.289; -59615.465; 43994.063; 93692.977; -846.4068; 427.79959; 37874.762; -6414.1655; 42304.184; 45501.551; -30544.717; -46431.664; 8204.7246; -84900.508; -68059.781; 8202.4385; -9951.7871; -74329.805; 32402.629; 12433.059; -39940.926; 1903.5238; 152778.91; -51710.953; -69794.266; 0; 30351.143; -41331.098; 58141.48; 905.28522; 5414.9683; -64487.137; -40.305084; 9123.2881; 11882.929; 1434.7196; -34355.227; -37971.746]
[-0.0013270393; -34943.094; 22257.6; 0; 290138.63; 0; 23705.754; 2431.7402; 0; 77429.023; 12481.142; 144013.09; -81036.305; -51601.117; 12954.196; 42230.859; -18.384775; 2510.936; 36662.777; 0; 18578.555; 36700.426; -26145.883; -17655.371; 9354.2285; -66041.945; -35534.176; 9333.8096; -5213.4727; -76736.203; 30268.166; 11489.07; -34448.121; 3427.1511; 105163.04; -51645.137; -74217.219; 0; 32828.844; -28055.875; 55516.27; 0; -1034.6117; -32542.348; 0; 8462.7998; 7725.8486; 114.5513; -30543.559; -35451.039]
[-0.0013270393; -15959.399; 12353.156; 0; 268595.22; 0; 27257.551; 2273.3481; 0; 76192.336; 8785.0938; 144851.98; -80917.367; -38168.918; 1537.2501; 15970.086; 0; 5938.2827; 67218.984; 0; 5957.6772; 20128.162; -20312.914; -8506.6787; 12858.168; -67476.656; -19082.58; 10465.181; -4166.7368; -102029.34; 22228.563; 8915.9092; -33679.496; 8085.2129; 74454.805; -42167.93; -59305.043; 0; 53629.098; -18584.18; 60852.719; 0; -1385.6406; -14505.348; 0; 8075.9756; 5832.9238; 92.630981; -24326.076; -27231.881]
[-0.0013270393; -9293.5039; 11284.717; 0; 258458.84; 0; 30745.002; 2448.7107; 0; 74762.234; 6346.9907; 146039.59; -77098.195; -27154.314; 82.024384; 10328.797; 0; 8266.7852; 79043.93; 0; 3136.7439; 14274.985; -16868.441; -5507.3442; 14094.852; -68432.172; -13609.878; 9333.8096; -2161.022; -114332.67; 19900.686; 7520.7876; -33323.82; 11638.227; 58168.723; -35333.258; -55266.758; 71.591431; 57878.105; -12639.533; 63899.391; 0; -1419.127; -8078.8623; 0; 9672.9268; 3519.9775; 250.3158; -16578.613; -22074.988]
[-0.0013270393; -4092.7339; 11566.853; 0; 240608.64; 0; 27816.166; 2421.8406; 0; 67092.719; 5047.3281; 140161.58; -77390.914; -18255.375; 16.263456; 6714.0063; 0; 9603.9238; 91707.508; 0; 667.99426; 10394.037; -14853.49; -3848.6169; 15674.482; -68506.648; -8980.6836; 9616.6523; -57.735027; -119055.98; 16439.471; 6619.2266; -32768.742; 12474.229; 45380.699; -31908.994; -44531.465; 0; 64512.18; -6979.8511; 60942.207; 0; -1385.6406; -3476.8032; 0; 7134.3169; 2752.0596; 21.920311; -16760.479; -18623.586]
[-0.0013270393; -1962.2213; 11496.849; 0; 234174.67; 0; 27479.584; 2440.2253; 0; 63852.633; 4241.2266; 139024.22; -78381.07; -14089.103; 0; 5015.4419; 0; 12003.138; 95025.25; 0; 86.025192; 8881.9561; -14111.595; -3352.0957; 16174.468; -67191.445; -8026.9009; 7495.3315; -61.776478; -124375.68; 15065.955; 6227.4893; -31803.541; 11504.281; 40961.988; -29930.414; -41837.387; 0; 65801.945; -5623.6201; 57941.141; 0; -1385.6406; -1607.9204; 0; 6853.7251; 2720.2397; 43.840618; -15765.127; -16706.785]
[-0.0013270393; -1116.5216; 11490.485; 0; 235148.34; 0; 28262.35; 2445.1753; 0; 63437.512; 4266.6821; 138506.33; -79109.688; -12887.021; 0; 4343.4058; 0; 12313.558; 98990.703; 0; 42.146568; 8300.5645; -13865.066; -3112.4954; 16180.818; -66156.258; -7529.2246; 9899.4951; -47.920071; -126507.26; 14172.217; 6227.4893; -31298.668; 12747.894; 39731.621; -29573.035; -42200.84; 34.641014; 67414.852; -5570.5869; 60860.223; 0; -1398.9197; -917.40955; 0; 7590.4238; 2701.1477; 135.05739; -14856.377; -16184.86]
[-0.0013270393; -1325.118; 11394.318; 0; 235235.33; 0; 28390.336; 2448.7107; 0; 63751.594; 4227.0845; 138678.95; -79314.648; -12973.288; 0; 4434.0498; 0; 12192.642; 99153.336; 0; 76.787582; 8297.1006; -13714.956; -3398.8611; 16174.468; -67254.953; -7642.9629; 9616.6523; -37.527767; -126616.95; 14348.309; 6153.2432; -31281.697; 12660.137; 40174.977; -29611.141; -42083.461; 0; 67617.789; -6050.0054; 60645.449; 0; -1385.6406; -1088.8826; 0; 7037.3223; 2725.8967; 15.556349; -15606.932; -15964.312]
[-0.0013270393; -1330.0679; 11488.363; 0; 234680.97; 0; 28166.184; 2446.5894; 0; 63747.555; 4268.0967; 137467.67; -78942.258; -13382.703; 0; 4533.354; 0; 11907.678; 98236.93; 0; 81.983734; 8378.5068; -13291.758; -3513.1763; 16189.479; -67205.305; -7819.0547; 8626.7021; -58.312378; -125580.03; 14352.927; 6308.0996; -32136.588; 12383.009; 40686.922; -29762.406; -42039.617; 0; 68173.578; -6028.7925; 60599.262; 0; -1385.6406; -1098.6975; 0; 6975.5459; 2723.7754; 37.476662; -15713.742; -16083.824]
[-0.0013270393; -1185.818; 11061.979; 0; 234728.34; 0; 29897.889; 2429.6189; 0; 63518.344; 3912.4214; 136390.92; -76699.828; -12464.171; 0; 4688.084; 0; 12047.686; 98338.75; 0; 64.663231; 8590.9717; -12650.321; -3383.2725; 16172.158; -69507.195; -7976.6714; 6081.1182; -59.467075; -126369.84; 14387.568; 6060.6123; -33170.379; 11287.197; 38573.383; -28030.355; -43023.203; 34.641014; 69408.188; -6178.6987; 60393.148; 0; -1398.9197; -980.91809; 0; 7381.4229; 2716.7041; 126.57211; -15107.524; -14009.981]
[-0.0013270393; -1339.9673; 11358.256; 0; 236428.94; 0; 30841.168; 2425.3762; 0; 63627.469; 3763.2217; 136487.91; -76196.375; -12328.406; 0; 4740.0454; 0; 11479.171; 101265.47; 0; 50.806824; 8753.7842; -12312.572; -3256.2554; 16190.634; -70661.898; -7731.2974; 7071.0679; -67.54998; -126729.53; 14367.938; 5854.8442; -33697.879; 12290.055; 37782.129; -27481.873; -42768.645; 38.105118; 70603.906; -5799.6899; 62563.984; 0; -1402.3838; -1105.0483; 0; 7891.8008; 2811.4565; 26.870058; -14235.148; -13266.933]
[-0.0013270393; -1432.5983; 8909.5449; 0; 190677.7; 0; 18893.893; 2428.2046; 0; 44545.461; 3394.8198; 117596.44; -75006.461; -11972.024; 0; 4784.5015; 0; 11342.699; 96817.766; 0; 64.085876; 8769.373; -11706.354; -3660.978; 16130.012; -61426.027; -8016.5083; 8202.4385; -82.561089; -107529.75; 14303.275; 5615.8418; -26245.682; 4649.979; 37481.609; -26673.004; -26569.537; 0; 63667.895; -6733.7778; 46410.879; 0; -1385.6406; -1178.9492; 0; 4603.2134; 2718.8257; 31.112698; -17032.41; -12089.137]
[-0.0013270393; -1598.7684; 10394.47; 0; 197637.06; 0; 22113.35; 2411.2341; 0; 48798.797; 3252.6914; 120234.34; -73218.406; -12725.094; 0; 5440.3716; 0; 10861.16; 98260.969; 0; 155.30722; 9485.2871; -11282.002; -4528.1582; 16076.896; -63450.797; -9211.0459; 9333.8096; -321.58411; -108659.05; 14508.813; 5448.9648; -27337.455; 7375.6494; 38902.895; -26084.686; -29188.66; 58.312378; 62847.648; -8201.7314; 51104.156; 0; -1416.2402; -1315.2039; 0; 5355.501; 2621.9519; 7.7781744; -16152.527; -11344.933]
[-0.0013270393; -1615.739; 11494.021; 0; 241969.81; 0; 35685.559; 2409.1128; 0; 66811.547; 3027.1235; 138978.02; -70894.57; -12780.248; 0; 5664.3833; 0; 9614.5303; 101739.23; 0; 150.68842; 9846.709; -10937.9; -4838.7725; 15794.571; -73867.352; -9818.4189; 8202.4385; -495.36652; -124734.79; 14664.119; 5331.585; -35117.043; 13967.835; 39310.895; -25641.279; -45512.219; 278.28284; 68900.484; -8995.1055; 69861.695; 0; -1438.1794; -1325.5962; 0; 9928.1152; 2530.7351; 15.556349; -11144.014; -11044.134]
[-0.0013270393; -2522.2498; 11459.372; 0; 251188.38; 0; 38719.754; 2403.4558; 0; 72561.383; 3056.8228; 139901.78; -69870.93; -14564.985; 0; 7069.6538; 0; 8881.9678; 100424.72; 0; 289.25247; 11741.572; -9993.9336; -5725.5825; 15483.957; -75207.375; -11404.399; 8485.2813; -862.56128; -125107.18; 15233.964; 5023.9937; -36272.457; 14723.586; 41505.047; -24853.197; -51280.797; 304.84094; 69178.375; -11202.692; 73118.523; 0; -1475.1299; -2065.7593; 0; 12420.536; 2554.0696; 598.21234; -8365.2285; -10727.168]
[-0.0013270393; -3133.8972; 11557.66; 0; 259047.16; 0; 41693.844; 2409.8198; 0; 75930.219; 2774.6865; 142468.69; -68850.172; -15250.879; 0; 7802.3115; 0; 8373.5586; 97898.93; 0; 456.68405; 12740.966; -10152.127; -6420.7124; 15651.966; -76123.633; -12463.837; 6363.9609; -1366.0107; -127019.37; 15228.768; 4721.3521; -36657.121; 14418.745; 42833.699; -24313.375; -54701.781; 1333.1018; 69378.484; -13206.633; 74921.008; 0; -1490.7184; -2574.9822; 0; 15082.698; 2549.1199; 1414.9207; -5378.5957; -10398.078]
[-0.0013270393; -2839.7407; 11522.305; 0; 259101.59; 0; 42542.371; 2402.7488; 0; 74645.031; 2662.2568; 143684.58; -68982.961; -15076.931; 0; 7401.6304; 0; 8126.7783; 101569.52; 0; 180.13329; 12590.854; -9795.3252; -6917.2334; 15449.315; -77008.711; -12900.314; 8768.124; -944.54504; -127189.69; 15009.952; 5135.7163; -36863.598; 15412.942; 42808.949; -24867.053; -54150.238; 661.64337; 69766.688; -12886.313; 77918.039; 0; -1464.1603; -2324.9895; 0; 15139.855; 2558.3123; 893.78296; -5715.7671; -11055.104]
[-0.0013270393; -2814.9919; 11514.526; 0; 260147.41; 0; 44068.309; 2392.1421; 0; 74643.305; 2642.458; 144655.69; -68617.5; -14879.647; 0; 7435.1167; 0; 8164.9619; 103661.85; 0; 311.76913; 12714.407; -9537.8271; -6776.3599; 15634.645; -78486.148; -12986.917; 8485.2813; -1133.3385; -128484.68; 15043.438; 4203.7495; -37128.059; 15069.996; 42676.723; -23613.049; -54926.641; 490.17038; 70913.617; -13247.646; 78821.594; 0; -1452.0359; -2304.7822; 0; 15535.918; 2739.3318; 1080.4591; -4704.8262; -9716.8047]
[-0.0013270393; -2556.1909; 11480.586; 0; 254798.14; 0; 42347.211; 2412.6482; 0; 72056.773; 2658.0142; 143922.45; -66774.023; -14907.932; 0; 7350.8237; 0; 8350.2236; 101795.09; 0; 190.52559; 12758.863; -9694.8652; -7096.2119; 15263.409; -78591.227; -13188.989; 8909.5449; -1195.6924; -125886.6; 14924.504; 3688.2688; -37152.098; 13717.265; 42108.207; -23369.984; -53906.285; 517.88318; 69445.664; -12909.648; 77800.258; 0; -1431.8286; -2110.2151; 0; 13792.32; 2470.6311; 586.89862; -6020.6084; -9128.4844]
[-0.0013270393; -1866.0548; 11484.121; 0; 247259.69; 0; 39641.82; 2388.6067; 0; 70108.797; 2380.1211; 139539.78; -66180.508; -13666.96; 0; 6786.7524; 0; 8295.0693; 98838.68; 0; 158.19397; 12468.456; -9015.3242; -7168.3809; 15312.483; -77828.547; -12851.239; 6363.9609; -980.34076; -123459.42; 14261.129; 3373.6064; -36797.133; 12053.342; 40188.414; -22339.414; -51607.48; 199.18584; 69591.328; -12392.753; 72019.828; 0; -1446.2625; -1538.061; 0; 11632.453; 2463.5601; 99.702057; -7578.2993; -8055.1904]
[-0.0013270393; -2012.4259; 11325.729; 0; 251201.8; 0; 41268.871; 2392.8494; 0; 70752.539; 2355.3726; 140722.77; -65801.188; -14196.583; 0; 7112.9551; 0; 8064.5527; 100471.38; 0; 74.47818; 12917.058; -8883.6885; -7617.5591; 15222.994; -78799.078; -13359.885; 7353.9102; -616.61005; -124456.51; 14175.104; 3220.1643; -37424.336; 12578.152; 40319.934; -22197.963; -53340.598; 394.90756; 70113.875; -12676.303; 75195.25; 0; -1450.3038; -1658.7273; 0; 12219.041; 2473.4595; 515.48083; -6891.252; -8134.8652]
[-0.0013270393; -3056.8225; 11240.876; 0; 248021.94; 0; 39392.918; 2403.4558; 0; 68849.594; 1967.8784; 138524.22; -65624.516; -14814.594; 0; 7972.6299; 0; 8082.2305; 103438.41; 0; 692.82031; 13464.386; -8200.1055; -7081.7783; 15253.017; -80253.422; -12555.059; 8485.2813; -93.530739; -122628.62; 14982.239; 2927.4221; -37192.402; 14300.966; 39270.59; -21661.027; -50391.965; 889.69678; 71002.711; -10664.584; 75437.164; 0; -1441.0663; -2509.1643; 0; 11247.36; 2573.8687; 115.2584; -7383.7314; -7400.4756]
[-0.0013270393; -1887.2679; 11136.932; 0; 246459.94; 0; 41605.457; 2416.8909; 0; 69175.219; 1124.2998; 136560.66; -62058.801; -12829.038; 0; 6634.332; 0; 7889.8975; 106466.23; 0; 90.64399; 12714.407; -6953.6064; -7271.1489; 14679.708; -78960.156; -12788.886; 9616.6523; -90.066643; -122552.98; 13464.386; 1660.9938; -37353.621; 16204.489; 36729.953; -18646.682; -50883.402; 932.99805; 71207.773; -10938.234; 78743.648; 0; -1461.8508; -1552.4949; 0; 12940.151; 2561.8479; 125.1579; -3874.021; -5451.3413]
[-0.0013270393; -1286.2272; 10747.315; 0; 205541.8; 0; 23977.99; 2406.9915; 0; 50997.348; 520.43018; 119950.29; -61013.219; -12027.886; 0; 6143.0068; 0; 7684.1294; 101945; 0; 70.436729; 12497.901; -6320.2534; -7338.1216; 14511.699; -76659.414; -12973.061; 8485.2813; -42.723919; -106950.09; 12838.538; 1525.9364; -37345.141; 4610.1416; 35141.793; -17640.359; -35563.227; 0; 71371.117; -9764.4375; 61940.445; 0; -1385.6406; -1065.7886; 0; 3869.9788; 2573.8687; 0; -12340.861; -4603.2139]
[-0.0013270393; -1001.9703; 10777.015; 0; 244287; 0; 44035.074; 2411.2341; 0; 69405.008; -221.32422; 134936.58; -58725.18; -11255.726; 0; 5834.1245; 0; 7486.8467; 104666.65; 0; 63.50853; 12469.611; -5650.5269; -7750.3501; 14530.174; -79168.578; -13237.486; 8768.124; -103.3457; -122160.97; 12057.96; 1504.7231; -37463.93; 15562.477; 34460.848; -16659.441; -51721.324; 1269.5933; 70828.055; -11428.967; 80279.398; 0; -1490.141; -841.77667; 0; 14024.415; 2583.7681; 567.80676; -1338.8745; -3779.335]
[-0.0013270393; -1068.4384; 10719.031; 0; 203590.19; 0; 24264.369; 2425.3762; 0; 51555.066; -822.36523; 117251.17; -58820.445; -11892.829; 0; 6171.874; 0; 7133.293; 99265.773; 0; 61.776478; 12779.07; -5332.9844; -7323.688; 14489.76; -75833.227; -13093.149; 6646.8037; -50.229473; -105007.31; 12652.054; 1477.146; -37071.484; 4395.3677; 33187.348; -16328.62; -35522.215; 0; 71665.273; -9181.0742; 59314.656; 0; -1385.6406; -895.47028; 0; 3672.5249; 2657.3071; 0; -11394.585; -3813.3984]
[-0.0013270393; -1460.8826; 10894.394; 0; 242259.73; 0; 44814.305; 2415.4768; 0; 69063.219; -781.35254; 133386.97; -57663.434; -12550.438; 0; 6815.0425; 0; 6764.8906; 104476.44; 0; 51.961525; 13679.737; -5177.0996; -7283.8511; 14167.021; -77826.234; -13325.821; 9050.9668; -113.738; -119440.48; 12628.382; 1182.2825; -36913.098; 16168.694; 33622.219; -15984.52; -49927.395; 2390.23; 70280.047; -10263.654; 81020.141; 0; -1637.9426; -1209.5488; 0; 14872.543; 2571.7473; 385.3732; 479.77783; -3556.4775]
[-0.0013270393; -1131.3708; 10839.239; 0; 242254.08; 0; 47327.363; 2406.2844; 0; 70037.203; -2035.7607; 133432; -55179.672; -11358.963; 0; 6061.0229; 0; 6942.374; 104795.34; 0; 54.270924; 13065.437; -4212.3477; -7384.3096; 13152.039; -78616.055; -13001.928; 8768.124; -143.76021; -120442.2; 12110.499; 673.87274; -36510.047; 16672.143; 32731.266; -13754.793; -51092; 3182.3547; 70300.555; -10982.782; 83607.82; 0; -2094.6267; -930.6886; 0; 15869.049; 2585.1824; 802.56616; 2830.1709; -2198.5498]
[-0.0013270393; -1655.3369; 10862.574; 0; 207256.53; 0; 29141.992; 2409.8198; 0; 55830.926; -2299.5112; 119666.23; -55863.258; -12116.981; 0; 6627.981; 0; 7087.3311; 101218.8; 0; 121.82091; 13626.044; -4233.1323; -7344.4727; 13433.786; -77995.984; -13397.413; 6788.2251; -43.30127; -106534.98; 12390.514; 777.11035; -37218.566; 6204.7832; 32536.104; -14035.962; -37999.211; 0; 71257.273; -9719.8896; 63678.27; 0; -1385.6406; -1367.7428; 0; 5704.7979; 2567.5046; 0; -8045.376; -2555.9297]
[-0.0013270393; -1134.9064; 10737.416; 0; 243260.28; 0; 48639.754; 2397.092; 0; 71831.609; -2671.4495; 134236.25; -53594.27; -10962.276; 0; 5756.1821; 0; 6646.0967; 100592.3; 0; 66.972633; 12882.416; -4063.3911; -7882.563; 12680.921; -79932.992; -13501.913; 4242.6406; -101.03629; -120677.17; 11880.714; 561.44275; -37329.582; 15829.789; 32763.793; -12945.925; -51890.324; 3005.1082; 69613.25; -11325.022; 80390.828; 0; -2173.1465; -950.89587; 0; 16676.762; 2463.5601; 660.43774; 4202.5332; -2117.7207]
[-0.0013270393; -585.48438; 10837.118; 0; 243524.03; 0; 48427.621; 2411.2341; 0; 72331.594; -2563.9692; 134496.05; -54575.766; -10427.703; 0; 5313.9316; 0; 6716.1001; 102151.47; 0; 78.519638; 12526.769; -4149.4165; -8070.7793; 13175.71; -79454.367; -13428.59; 5232.5903; -65.240578; -121680.03; 11246.783; 803.27332; -37069.367; 16216.037; 32297.809; -13367.968; -51647.078; 2982.5916; 69954.07; -11921.113; 80959.516; 0; -2115.4114; -494.78918; 0; 17057.813; 2484.7732; 439.11331; 4320.8892; -1834.2417]
[-0.0013270393; -874.6911; 10602.359; 0; 242437.91; 0; 48190.035; 2404.8701; 0; 71427.461; -2596.4961; 134040.53; -54218.387; -10562.761; 0; 5537.9438; 0; 7303.7061; 103283.55; 0; 83.71579; 12598.938; -3887.2993; -7888.3364; 13417.043; -79390.859; -13305.614; 6363.9609; -95.262794; -121875.75; 11245.628; 652.65955; -37270.18; 16422.15; 31939.305; -13221.321; -51696.574; 3167.3435; 70696.531; -11734.437; 82386.148; 0; -2034.5823; -723.99725; 0; 16783.572; 2580.9397; 854.89209; 4084.7534; -1710.6887]
[-0.0013270393; -1063.4885; 10844.189; 0; 245161; 0; 48706.223; 2396.3848; 0; 72168.203; -2899.845; 134966.02; -54798.621; -10673.069; 0; 5686.8999; 0; 6740.1416; 104907.07; 0; 94.108093; 12601.247; -3900.5784; -7904.5024; 13182.639; -79879.297; -13505.955; 7495.3315; -320.42938; -122970.41; 11447.124; 877.51947; -37527.57; 16899.619; 33243.211; -13114.511; -52886.637; 3063.9978; 70934.828; -12840.352; 84125.703; 0; -2054.7896; -886.81; 0; 17240.834; 2551.2412; 731.85553; 4944.4277; -2107.3284]
[-0.0013270393; -1414.9207; 10612.966; 0; 245721.72; 0; 48103.059; 2419.0122; 0; 73537.68; -2531.4421; 134412.34; -52997.289; -11240.169; 0; 6141.8521; 0; 6042.9346; 99560.633; 0; 109.69655; 13054.467; -3751.0447; -8127.3594; 12850.085; -79589.461; -13858.716; 6363.9609; -625.27032; -121009.15; 11764.666; 870.44843; -37840.109; 16055.533; 34298.922; -13228.826; -54614.805; 3248.75; 69797.094; -13831.009; 83819.133; 0; -2378.6831; -1173.7531; 0; 16527.229; 2486.1875; 753.06873; 4011.4297; -2300.1633]
