[-0.0013270393; 0; 0; 0; 121262.45; -5868.2793; 60420.152; 0; 41382.156; 38211.348; 0; 55446.988; 0; -22832.479; -15038.747; 16892.113; 0; -3987.375; 8697.4131; 0; 2999.3345; 21059.428; 0; 3712.9395; 0; 0; -13923.379; 30289.625; -9528.0117; -19316.984; 13887.006; 0; -2023.7396; 3076.1221; 6533.6665; -5345.686; -63.63961; 39118.367; -48.790367; -5708.4731; 111637.03; 0; -63629.195; 1804.2196; 45322.008; 14701.646; 0; 19382.504; 21263.232; 0]
[-0.0013270393; 0; 2.1213202; 0; 120069.56; -4156.3735; 50092.859; 0; 41738.961; 37033.555; 0; 54191.25; 0; -36791.473; -13806.967; 36160.023; 0; -74.246208; 9616.6523; 0; 8559.2178; 30849.557; 0; 13826.384; 0; 0; -19603.352; 13628.775; -14350.041; -11902.653; 13000.773; 0; -2817.8206; 0; 10521.042; -5427.0923; -680.23669; 52411.859; -1018.9409; -8778.0234; 106657.96; 0; -61423.715; 2525.9075; 42757.332; 13215.547; 0; 22794.293; 22023.025; 0]
[-0.0013270393; 0; 9.1923876; 0; 116480.28; -1483.51; 32603.986; 0; 37584.348; 34838.469; 0; 53027.313; -881.61383; -41639.395; -6655.9956; 50776.223; 226.27417; 0; 10748.022; 0; 16591.893; 39790.98; 0; 18656.496; 0; 0; -25002.73; 5873.936; -14825.2; -3455.4414; 13224.208; 0; -2367.3936; 0; 10101.021; -5497.5293; -199.40411; 54700.477; -6772.6685; -8284.4629; 90359.938; 0; -59508.07; 2856.1516; 41566.563; 15162.373; 0; 22460.539; 21852.131; 0]
[-0.0013270393; 0; 41.012192; 0; 107130.92; -21.920309; 15092.487; 0; 33876.605; 31945.943; 0; 48745.105; -7881.4082; -31484.637; 7295.9282; 55380.59; 3298.6531; 0; 11879.394; 0; 18525.438; 38074.516; 0; 11806.813; -44.455971; 0; -32735.76; 6392.2451; -12809.093; -1461.2736; 11081.084; 0; -1335.7247; 0; 8960.457; -4167.314; -77.074638; 42942.734; -9466.7451; -7265.522; 68749.711; 0; -54501.863; 2386.1887; 37794.855; 11762.935; 0; 20902.076; 20607.363; 0]
[-0.0013270393; 0; 895.9043; 0; 109740.85; 0; 8307.7979; 0; 26682.242; 34453.957; 0; 47628.512; -14943.557; -23427.861; 17554.633; 53313.102; 6190.0127; 0; 10748.022; 0; 19619.516; 36800.305; 0; 8014.1987; -1036.921; 0; -42492.402; 5232.5903; -13265.777; -645.4776; 8845.583; 0; -28.284271; 0; 11984.046; -1404.1158; -1424.113; 34531.32; -10815.198; -10146.982; 60760.922; 0; -47561.539; 2189.8896; 32743.285; 12647.435; 0; 24556.404; 23362.479; 0]
[-0.0013270393; 0; 683.77222; 0; 102406.03; 0; 4467.5005; 0; 23228.533; 32343.736; 0; 44069.723; -17191.18; -17835.354; 18693.781; 49827.637; 6650.3394; 0; 11030.865; 0; 18643.795; 33140.48; 0; 6212.2886; -1459.5415; 0; -43320.32; 5515.4326; -11496.198; -120.08885; 7573.6807; 0; -43.133514; 0; 10992.682; -248.2606; -853.47784; 29790.695; -10279.211; -9228.4502; 54321.156; 0; -44249.281; 955.51465; 30227.4; 11674.022; 0; 23236.236; 22158.703; 0]
[-0.0013270393; 0; 686.60065; 0; 101698.92; 0; 4582.7588; 0; 23534.529; 33681.461; 0; 43807.605; -16531.27; -18082.842; 18578.523; 48987.016; 6480.6333; 0; 8909.5449; 0; 18661.113; 33247.293; 0; 6344.502; -1405.2705; 0; -42753.941; 3394.1125; -11463.867; -125.285; 7380.2686; 0; -32.526913; 0; 10778.429; -322.7388; -852.06366; 30461.578; -10254.462; -9026.9248; 52319.48; 0; -43842.824; 1058.2831; 29680.1; 10795.873; 0; 23146.434; 22139.65; 0]
[-0.0013270393; 0; 1486.3384; 0; 120232.9; 0; 11532.204; 0; 25024.67; 39492.488; 0; 51750.789; -14735.711; -28572.063; 18459.021; 56142.117; 6523.0601; 0; 11313.708; 0; 22287.453; 41997.035; 0; 7380.2686; -1133.9159; 0; -48253.781; 5800.397; -18807.762; -1611.9619; 7543.0811; 0; -567.80676; 0; 18765.199; -1157.5873; -5765.0415; 36075.156; -12232.24; -16761.26; 66812.703; 0; -46686.852; 3010.3042; 30158.104; 11564.903; 0; 29774.852; 29161.961; 0]
[-0.0013270393; 0; 620.13263; 0; 105073.23; 0; 8450.6328; 0; 26603.723; 33449.941; 0; 45805.238; -12701.706; -23741.816; 15805.959; 51156.695; 5565.6372; 0; 11030.865; 0; 19487.305; 36490.27; 0; 7885.4497; -684.73743; 0; -39785.785; 5515.4326; -13460.921; -816.95062; 7964.5469; 0; -64.346718; 0; 11684.939; -1383.3312; -1231.78; 35079.805; -10576.196; -9836.5625; 59506.34; 0; -46114.117; 2309.4011; 30630.451; 10367.479; 0; 24001.324; 22859.029; 0]
[-0.0013270393; 0; 345.06812; 0; 102007.93; 0; 8763.8809; 0; 26881.428; 33483.426; 0; 44498.695; -11596.657; -23683.127; 14450.434; 50098.414; 5214.2051; 0; 12020.815; 0; 18998.287; 35979.891; 0; 7850.8086; -509.80029; 0; -37500.633; 6505.3823; -12684.385; -874.10828; 7551.7412; 0; -70.710678; 1732.0508; 10530.234; -1822.1174; -687.3078; 35100.586; -10120.112; -8732.7686; 59812.906; 0; -46121.047; 2263.2131; 30353.973; 9675.8125; 0; 22502.965; 21647.748; 0]
[-0.0013270393; 0; 22.627417; 0; 78492.391; 0; 5743.1211; 0; 26723.234; 24225.617; 0; 35115.598; -8690.2764; -17962.633; 8258.2998; 40594.074; 2387.8997; 0; 9475.2305; 0; 14162.979; 27524.02; 0; 8041.3345; -86.602539; 0; -24465.793; 3959.7979; -5537.9438; -163.39012; 7699.543; 0; -12.020815; 692.82031; 2021.6183; -1864.264; -26.870058; 27197.238; -6223.9536; -973.68604; 45089.32; 0; -40563.477; 1404.1158; 30588.025; 7721.4824; 0; 11324.314; 12295.828; 0]
[-0.0013270393; 0; 362.03867; 0; 104750.8; 0; 9732.6172; 0; 27047.705; 34813.066; 0; 45873.363; -11348.396; -25304.523; 13899.598; 51433.246; 5153.394; 0; 10465.181; 0; 19406.475; 37058.383; 0; 8081.749; -597.5575; 0; -38411.113; 4949.7476; -13651.447; -1223.4052; 7858.3145; 0; -182.43355; 1154.7006; 11484.121; -1942.2063; -1079.7521; 36776.633; -10327.294; -9610.9951; 60018.445; 0; -47202.426; 2439.8821; 30933.801; 9696.0205; 0; 23748.182; 22758.57; 0]
[-0.0013270393; 0; 19.79899; 0; 76605.828; 0; 4480.2285; 0; 26801.176; 22994.129; 0; 34041.148; -9463.9258; -16184.967; 9627.2588; 39572.742; 2475.5808; 0; 11596.551; 0; 13359.885; 26016.557; 0; 8141.7935; -181.86533; 0; -24179.43; 6081.1182; -4484.2793; -17.897858; 7807.5073; 0; -4.9497476; 1847.5209; 1325.8252; -1298.4607; -25.455843; 25142.449; -5748.7778; -481.5397; 45611.828; 0; -39107.977; 994.19714; 30197.701; 8047.6851; 0; 10123.647; 11250.247; 0]
[-0.0013270393; 0; 389.61584; 0; 103800.45; 0; 8533.3643; 0; 26583.516; 34366.777; 0; 44903.414; -12205.763; -23751.717; 15467.96; 50626.113; 5294.8154; 0; 12727.922; 0; 19316.984; 36244.316; 0; 7700.6978; -735.54425; 0; -38909.945; 7212.4893; -13206.31; -840.04462; 7317.9146; 0; -59.396969; 2771.2813; 11248.654; -1557.691; -1032.3759; 34873.688; -10347.801; -9435.6328; 61038.047; 0; -45975.555; 2322.1028; 29972.135; 10137.693; 0; 23402.406; 22450.266; 0]
[-0.0013270393; 0; 405.17218; 0; 103724.08; 0; 8628.1172; 0; 27042.508; 34558.457; 0; 44840.488; -12232.897; -23668.984; 15142.691; 51113.395; 5308.2505; 0; 11596.551; 0; 19315.832; 36341.891; 0; 7585.8052; -762.10236; 0; -39009.25; 6081.1182; -13236.909; -837.73523; 7076.0049; 0; -77.074638; 1847.5209; 11211.885; -1647.1803; -1047.9323; 35310.164; -10371.135; -9417.9551; 60623.504; 0; -46361.227; 2322.6802; 29733.84; 10161.942; 0; 23505.643; 22529.939; 0]
[-0.0013270393; 0; 492.1463; 0; 103046.67; 0; 8220.1162; 0; 26690.902; 34222.434; 0; 44546.613; -12382.431; -23070.066; 15652.516; 50215.039; 5364.8188; 0; 11879.394; 0; 19070.457; 35813.613; 0; 7753.814; -818.68268; 0; -38665.148; 6363.9609; -12683.808; -725.72925; 7325.9976; 0; -35.355339; 2078.4609; 10688.626; -1610.2299; -819.53674; 34350.609; -10282.039; -8922.9805; 59627.582; 0; -45846.23; 2189.3123; 30021.633; 9926.3828; 0; 22708.027; 21943.928; 0]
[-0.0013270393; 0; 439.11331; 0; 104065.61; 0; 8512.1514; 0; 26558.689; 34510.531; 0; 45064.496; -12029.67; -24025.367; 15395.836; 50699.438; 5460.9854; 0; 9758.0732; 0; 19360.863; 36321.684; 0; 7953; -681.27332; 0; -38874.148; 4242.6406; -13356.998; -882.76855; 7507.8628; 0; -39.59798; 923.76044; 11426.139; -1509.7709; -1072.6809; 35270.906; -10391.641; -9588.3682; 58155.336; 0; -46070.82; 2328.4536; 30040.018; 9996.2422; 0; 23517.664; 22483.752; 0]
[-0.0013270393; 0; 19.79899; 0; 76909.172; 0; 4410.9321; 0; 26739.977; 23025.307; 0; 34050.961; -9776.8496; -15916.267; 9686.6563; 39641.445; 2468.5098; 0; 12162.236; 0; 13370.855; 26047.156; 0; 7940.8755; -240.1777; 0; -24509.672; 6646.8037; -4468.1138; -9.8149548; 7648.7363; 0; -7.7781744; 1962.9908; 1330.7749; -1274.7894; -25.455843; 24853.773; -5748.0708; -481.5397; 46360.648; 0; -39304.273; 965.32965; 30401.348; 7820.2095; 0; 10099.606; 11253.134; 0]
[-0.0013270393; 0; 4.2426405; 0; 73520.016; 0; 3857.9746; 0; 26354.307; 22125.795; 0; 32622.598; -9600.1797; -14789.845; 9265.9268; 38099.344; 2244.3569; 0; 11879.394; 0; 12628.959; 24794.885; 0; 7845.6128; -222.85719; 0; -23169.066; 6363.9609; -3629.801; -26.558111; 7513.6362; 0; -11.313708; 2193.9309; 702.86414; -1044.4266; -7.0710678; 23385.57; -5184.5068; -89.095451; 44554.121; 0; -37734.461; 744.78186; 29791.115; 7648.7363; 0; 8860.0479; 10160.787; 0]
[-0.0013270393; 0; 567.09961; 0; 104407.85; 0; 8508.6162; 0; 26284.447; 33698.781; 0; 45346.82; -12421.113; -23599.688; 15763.531; 50758.324; 5392.396; 0; 13010.765; 0; 19493.076; 36439.461; 0; 7698.3882; -767.87585; 0; -39474.016; 7495.3315; -13369.7; -852.16901; 7487.0781; 0; -44.547726; 1732.0508; 11431.088; -1453.7679; -1202.7886; 35037.656; -10567.004; -9626.5518; 61488.961; 0; -45948.422; 2268.9866; 30049.209; 9866.3379; 0; 23801.922; 22775.313; 0]
[-0.0013270393; 0; 619.42554; 0; 104545.73; 0; 8715.0908; 0; 25947.275; 34109.852; 0; 45310.445; -12463.26; -23702.219; 15796.059; 50489.281; 5494.2197; 0; 10465.181; 0; 19478.643; 36695.805; 0; 7569.6392; -617.18744; 0; -39602.188; 4949.7476; -13462.076; -971.10315; 7421.8374; 0; -59.396969; 692.82031; 11599.38; -1623.5089; -1236.0226; 34617.344; -10562.054; -9765.8516; 58814.672; 0; -45580.648; 2361.3625; 29932.537; 9956.4053; 0; 23878.289; 22819.77; 0]
[-0.0013270393; 0; 726.19867; 0; 103090.51; 0; 7498.1602; 0; 25980.184; 33228.816; 0; 44842.797; -12817.176; -22507.209; 16121.327; 50114.578; 5671.7036; 0; 11455.13; 0; 19412.824; 35774.355; 0; 7719.1729; -666.26221; 0; -39549.07; 5939.6968; -13027.331; -633.35321; 7737.0708; 0; -23.334524; 1154.7006; 11325.022; -1099.8523; -1258.65; 34052.117; -10588.924; -9520.4854; 58174.965; 0; -45232.504; 1980.3114; 29835.662; 10120.95; 0; 23481.602; 22464.699; 0]
[-0.0013270393; 0; 730.44128; 0; 102567.25; 0; 7047.0259; 0; 25604.906; 32969.008; 0; 44632.641; -13107.006; -21919.604; 16260.627; 49839.762; 5811.0034; 0; 12586.501; 0; 19429.568; 35524.363; 0; 7350.2461; -661.06604; 0; -39933.586; 7071.0679; -13020.98; -610.83655; 7655.0869; 0; -24.748737; 1847.5209; 11508.87; -975.72192; -1269.9637; 33485.738; -10651.149; -9680.292; 58701.508; 0; -44718.086; 1965.8777; 29654.645; 10147.508; 0; 23596.859; 22538.021; 0]
[-0.0013270393; 0; 973.68604; 0; 107500.03; 0; 8399.0146; 0; 25693.242; 35052.664; 0; 46682.809; -13199.959; -24055.064; 16706.813; 51889.934; 5776.355; 0; 13717.871; 0; 20538.658; 37510.445; 0; 7279.2319; -780.57758; 0; -41912.742; 8202.4385; -15018.612; -975.72192; 7617.5591; 0; -60.811184; 2771.2813; 13694.537; -984.3822; -2504.5723; 34394.484; -11313.708; -11832.018; 62552.438; 0; -45551.203; 2259.749; 29762.83; 10630.173; 0; 25838.389; 24453.094; 0]
[-0.0013270393; 0; 895.9043; 0; 103492.86; 0; 7194.8115; 0; 25745.779; 33300.406; 0; 45021.195; -13429.167; -21933.037; 16839.041; 50122.664; 5924.8477; 0; 12586.501; 0; 19516.17; 35752.992; 0; 7507.2856; -855.05573; 0; -40389.117; 7071.0679; -13096.613; -501.14001; 7708.7808; 0; -33.941124; 1847.5209; 11615.643; -895.47028; -1426.2344; 33501.902; -10732.467; -9831.6123; 59677.813; 0; -44898.223; 1861.9546; 30025.875; 10088.041; 0; 23745.352; 22636.172; 0]
[-0.0013270393; 0; 936.20935; 0; 104670.19; 0; 7435.2275; 0; 25397.639; 34134.68; 0; 45448.438; -13832.157; -22104.158; 17116.227; 50400.945; 6113.645; 0; 12869.343; 0; 19507.51; 36043.398; 0; 7260.1797; -860.82922; 0; -41284.008; 7353.9102; -13142.224; -801.36218; 7542.5039; 0; -21.213203; 2078.4609; 11812.926; -1200.3112; -1468.6608; 33479.387; -10720.445; -10024.652; 60049.625; 0; -44880.898; 1896.5956; 29692.828; 10164.251; 0; 24198.607; 23178.303; 0]
[-0.0013270393; 0; 580.53467; 0; 102945.55; 0; 7081.6743; 0; 25414.381; 33418.766; 0; 44888.406; -13867.953; -21421.092; 16834.799; 49508.938; 6054.248; 0; 10748.022; 0; 18952.676; 35337.879; 0; 7306.9448; -987.26892; 0; -40256.902; 5232.5903; -12251.95; -472.84985; 7689.1509; 0; -24.04163; 923.76044; 11006.117; -1218.7864; -864.79156; 33207.453; -10241.027; -9256.0273; 57026.621; 0; -44631.484; 2002.2507; 30026.582; 10021.646; 0; 23065.822; 22237.223; 0]
[-0.0013270393; 0; 1052.882; 0; 106069.55; 0; 7411.186; 0; 25079.518; 34341.949; 0; 46069.086; -14448.19; -22071.631; 17744.846; 50453.484; 6459.4204; 0; 13152.186; 0; 19550.234; 36385.77; 0; 7304.6353; -1014.4044; 0; -42287.441; 7636.7529; -13267.509; -606.7951; 7668.9434; 0; -19.091883; 1962.9908; 12238.604; -1071.5621; -1578.9694; 33771.527; -10777.015; -10434.774; 60955.488; 0; -44740.027; 2031.1182; 29972.842; 9892.8975; 0; 24764.293; 23542.033; 0]
[-0.0013270393; 0; 3.5355339; 0; 73578.703; 0; 3888.3801; 0; 25155.15; 21668.533; 0; 32835.641; -10309.743; -14649.131; 9244.7148; 37500.055; 1917.6736; 0; 12869.343; 0; 12870.292; 24844.537; 0; 7250.9419; -357.95715; 0; -23906.342; 7353.9102; -3931.7554; -21.361959; 7461.0972; 0; -9.8994951; 2193.9309; 662.55902; -954.93732; -9.8994951; 21669.109; -5172.4858; -72.124893; 45556.977; 0; -37453.863; 860.25189; 29769.195; 7826.5601; 0; 9188.8525; 10538.951; 0]
[-0.0013270393; 0; 652.65955; 0; 101370.12; 0; 6258.6021; 0; 24212.916; 32107.025; 0; 43947.324; -14657.191; -20175.17; 17667.771; 48465.668; 6261.4307; 0; 14142.136; 0; 18793.328; 34623.117; 0; 6773.4731; -1077.3356; 0; -41150.063; 8626.7021; -11840.876; -385.66998; 7012.4961; 0; -14.142136; 1732.0508; 10850.554; -1111.3993; -883.17633; 31851.836; -10241.027; -9120.2627; 59655.293; 0; -43210.047; 1833.087; 28775.002; 9769.3438; 0; 23207.244; 22353.848; 0]
[-0.0013270393; 0; 28.991377; 0; 73387.078; 0; 2752.7666; 0; 24388.43; 21010.93; 0; 32654.93; -11428.648; -12855.908; 10888.03; 37202.141; 2769.03; 0; 11596.551; 0; 12962.091; 24528.148; 0; 6959.3799; -562.9165; 0; -25669.57; 6081.1182; -4024.1313; -23.67136; 7095.6348; 0; -11.313708; 692.82031; 1351.281; -319.27469; -40.305084; 21361.961; -5653.3188; -502.7529; 42236.633; 0; -36485.07; 240.75505; 28725.506; 7756.7007; 0; 9879.6953; 11004.296; 0]
[-0.0013270393; 0; 1488.4597; 0; 112083.5; 0; 8550.335; 0; 24656.32; 36553.777; 0; 48533.219; -14585.022; -24616.508; 18325.379; 53231.695; 6546.3945; 0; 12586.501; 0; 21528.816; 38965.367; 0; 6914.3467; -1081.3771; 0; -45573.141; 7071.0679; -16404.252; -946.85443; 7334.0806; 0; -75.660423; 1154.7006; 16126.984; -768.45319; -4048.8933; 34330.977; -11971.317; -14193.047; 62845.73; 0; -44820.277; 2370.6001; 29009.055; 11163.645; 0; 27812.631; 26621.043; 0]
[-0.0013270393; 0; 961.66522; 0; 105796.61; 0; 7665.0376; 0; 24848; 33706.863; 0; 45805.816; -14356.392; -22177.697; 17718.682; 50170.004; 6375.2744; 0; 13717.871; 0; 19547.348; 36494.887; 0; 7245.7456; -1050.7775; 0; -42087.102; 8202.4385; -13243.26; -616.61005; 7350.8237; 0; -24.04163; 1847.5209; 12165.771; -1149.5044; -1487.7527; 33675.109; -10710.546; -10351.336; 61656.965; 0; -44312.789; 2124.0715; 29383.115; 9926.9609; 0; 24661.764; 23490.65; 0]
[-0.0013270393; 0; 580.53467; 0; 103468.81; 0; 7313.6055; 0; 25521.191; 32522.141; 0; 45014.844; -13875.458; -21659.387; 16881.467; 49682.145; 6062.0264; 0; 14849.242; 0; 18931.316; 35519.742; 0; 7408.5586; -895.47028; 0; -40372.949; 9333.8096; -12346.636; -557.72034; 7673.5625; 0; -34.648232; 2771.2813; 11020.259; -1202.6206; -862.67029; 33488.047; -10259.412; -9244.7139; 61599.23; 0; -44655.73; 1980.8888; 29996.883; 9806.2939; 0; 23260.984; 22328.443; 0]
[-0.0013270393; 0; 992.0708; 0; 106640.19; 0; 7865.8555; 0; 26074.293; 33546.359; 0; 46387.207; -13953.401; -22893.996; 17205.32; 51116.281; 6339.9194; 0; 13717.871; 0; 19541.574; 36660.008; 0; 7682.2227; -827.3429; 0; -41516.68; 8202.4385; -13344.874; -683.5827; 8047.1079; 0; -33.941124; 1847.5209; 12129.71; -1296.7286; -1520.2795; 34421.625; -10774.893; -10316.688; 62559.363; 0; -45237.703; 2099.823; 30679.242; 10326.487; 0; 24439.73; 23258.555; 0]
[-0.0013270393; 0; 1103.0865; 0; 107051.72; 0; 8073.0381; 0; 25687.467; 34107.547; 0; 46498.637; -13584.475; -23461.096; 17056.123; 51382.441; 6175.1636; 0; 14000.714; 0; 20146.059; 37213.109; 0; 7473.2217; -611.99127; 0; -41874.063; 8485.2813; -14279.026; -820.99207; 7790.187; 0; -36.76955; 2078.4609; 13085.011; -1122.9463; -2080.3081; 34465.5; -11156.023; -11245.119; 62516.641; 0; -45105.492; 2215.293; 30042.846; 10490.454; 0; 25373.818; 23997.564; 0]
[-0.0013270393; 0; 4.2426405; 0; 73015.844; 0; 3500.1785; 0; 26226.135; 20372.381; 0; 32750.77; -10443.111; -13795.653; 9439.875; 37920.363; 2206.8801; 0; 11879.394; 0; 12617.989; 24466.371; 0; 7268.2622; -333.1311; 0; -23626.328; 6363.9609; -3589.3865; -24.248711; 7787.8774; 0; -12.020815; 923.76044; 673.87274; -935.30743; -7.0710678; 22119.443; -5279.2593; -89.095451; 43384.984; 0; -37774.293; 554.25623; 30449.432; 7716.8633; 0; 8684.6855; 9971.416; 0]
[-0.0013270393; 0; 0; 0; 63552.633; 0; 2020.9111; 0; 25722.109; 16030.707; 0; 28824.211; -9338.6406; -11414.824; 7107.1304; 33951.66; 1156.1195; 0; 14283.557; 0; 10512.971; 20819.25; 0; 7445.5088; -138.56406; 0; -18960.76; 8768.124; -1610.2299; -12.124355; 7875.6348; 0; -8.485281; 1962.9908; 49.497475; -187.63884; 0; 18994.824; -3628.1648; 0; 41874.063; 0; -34180.289; 68.704681; 29618.582; 7160.2979; 0; 5160.4653; 6714.5835; 0]
[-0.0013270393; 0; 679.5296; 0; 102935.66; 0; 7270.4717; 0; 26026.373; 32581.607; 0; 44905.148; -13133.563; -22081.529; 16099.408; 50182.129; 5824.4385; 0; 14000.714; 0; 19404.742; 35711.422; 0; 7378.5361; -713.02759; 0; -39717.656; 8485.2813; -12942.461; -594.67078; 7750.3501; 0; -16.263456; 2193.9309; 11466.443; -1141.9988; -1219.7592; 33646.82; -10573.367; -9668.9775; 60834.82; 0; -45029.855; 1932.9686; 29955.164; 10134.229; 0; 23347.252; 22390.797; 0]
[-0.0013270393; 0; 579.82758; 0; 100832.02; 0; 6914.0898; 0; 26036.188; 30637.092; 0; 43945.016; -12997.309; -21443.014; 15967.885; 49477.762; 5720.4937; 0; 15273.506; 0; 18964.801; 34919.297; 0; 7368.7212; -665.10748; 0; -38974.031; 9758.0732; -12355.296; -498.83063; 7582.3408; 0; -34.648232; 1732.0508; 10655.392; -1098.6975; -861.96313; 33010; -10257.291; -8922.9805; 61041.512; 0; -44715.199; 1935.8555; 29703.434; 10299.351; 0; 22579.334; 21723.381; 0]
[-0.0013270393; 0; 819.53674; 0; 104047.94; 0; 7675.644; 0; 26377.979; 32199.979; 0; 45412.641; -13351.225; -22460.539; 16407.705; 50714.445; 5935.4541; 0; 12727.922; 0; 19463.633; 36139.816; 0; 7616.4048; -744.78186; 0; -40241.891; 7212.4893; -13059.086; -554.25623; 7815.5903; 0; -38.183765; 692.82031; 11630.492; -1176.6398; -1356.2308; 34071.172; -10680.141; -9849.29; 60033.461; 0; -45257.91; 1990.1263; 30520.143; 10267.021; 0; 23733.332; 22646.564; 0]
[-0.0013270393; 0; 1131.3708; 0; 105827.02; 0; 7975.457; 0; 25841.621; 32890.488; 0; 45995.762; -13330.44; -23145.02; 16793.787; 51157.852; 6172.335; 0; 13717.871; 0; 20173.773; 37099.371; 0; 7342.1631; -557.14301; 0; -41333.086; 8202.4385; -14227.643; -702.05792; 7597.9292; 0; -13.435029; 1154.7006; 13107.638; -1078.4902; -2110.7136; 34019.785; -11160.267; -11264.918; 61556.504; 0; -44809.887; 2273.0281; 29779.801; 10835.71; 0; 25076.127; 23699.074; 0]
[-0.0013270393; 0; 900.854; 0; 105686.3; 0; 7696.1499; 0; 26391.836; 32359.904; 0; 45867.012; -13874.882; -22609.738; 16989.654; 51146.305; 6136.2725; 0; 14849.242; 0; 19504.047; 36308.98; 0; 7516.5229; -855.63306; 0; -41167.961; 9333.8096; -13226.517; -725.15192; 7901.6157; 0; -19.091883; 1847.5209; 11926.77; -1257.4689; -1436.8409; 33960.32; -10694.99; -10126.476; 62622.293; 0; -45457.094; 2072.1101; 30396.398; 10832.245; 0; 24142.039; 23050.709; 0]
[-0.0013270393; 0; 4.2426405; 0; 72352.578; 0; 3655.0349; 0; 26733.049; 19036.393; 0; 32534.842; -9470.8535; -14362.046; 9071.4727; 38172.09; 2207.5874; 0; 15980.613; 0; 12626.072; 24582.996; 0; 7759.5874; -157.03928; 0; -22659.266; 10465.181; -3590.5413; -23.094009; 7754.9688; 0; -14.849242; 2771.2813; 676.70117; -921.45099; -7.0710678; 23110.176; -5248.8535; -89.095451; 47768.23; 0; -37698.082; 554.25623; 30094.465; 8281.5117; 0; 8667.0078; 9898.0928; 0]
[-0.0013270393; 0; 48.08326; 0; 120139.56; -32.526913; 26392.053; 0; 32512.902; 37264.496; 0; 53951.648; -3983.7168; -39971.332; 2399.2129; 53478.223; 1753.6248; 0; 14849.242; 0; 18788.709; 44012.566; 0; 14104.667; 0; 0; -33511.141; 9384.0137; -18271.404; -2777.6323; 10682.712; 0; -2607.8098; 1847.5209; 14090.517; -4528.1582; -2124.1487; 51347.223; -8773.7813; -12095.062; 88383.664; 0; -57020.844; 3074.3901; 37462.516; 12842.579; 0; 27104.109; 25800.051; 0]
[-0.0013270393; 0; 7.0710678; 0; 123539.33; -3236.4277; 49834.059; 0; 39437.641; 37514.488; 0; 55543.98; -29.444862; -37722.023; -12307.193; 36954.457; 0; -77.074638; 15132.085; 0; 9842.667; 32581.029; 0; 12971.905; 0; 0; -20948.578; 18769.441; -15429.108; -12255.414; 12255.991; 0; -2874.3889; 2078.4609; 11844.745; -5316.8184; -1205.6171; 51194.227; -1618.5674; -10066.372; 112321.18; 0; -60937.012; 2681.792; 43308.875; 13950.515; 0; 24270.732; 23279.918; 0]
[-0.0013270393; 0; 0; 0; 148690.41; -5666.7534; 74878.367; 0; 44450.773; 47534.98; -21.213203; 66795.961; 0; -19630.697; -20701.258; 14104.667; 0; -3867.874; 16033.646; 0; 2511.4736; 19053.137; 0; 2788.0244; 0; -1.7320508; -13807.909; 49534.949; -10026.842; -31224.258; 13468.427; 0; -1673.0146; 14290.573; 7689.7861; -4658.062; -4270.2178; 39925.5; -55.861435; -7367.3452; 141337.66; 0; -73560.195; 1761.4956; 48897.141; 25118.777; 0; 21758.383; 29879.607; 0]
[-0.0013270393; 0; 21.213203; 0; 122989.2; -3899.6938; 72409.148; 0; 4640.1641; 37436.543; -3326.2302; 62094.598; 0; -37.476658; -1255.1145; 0; 0; 0; 51650.613; 0; 0; 88.911942; 0; 0; 0; -1953.1759; -1085.9958; 54900.477; -917.98694; -45150.523; 11274.496; 0; -19.091883; 41721.063; 575.5849; 0; -4388.3047; 16601.707; 0; -870.44843; 111202.28; 0; -57304.324; 0; 24541.555; 37902.469; 0; 7330.5757; 32474.221; 0]
[-0.0013270393; 0; 280.72137; 0; 95670.125; 0; 73183.43; 0; 24.248711; 6485.9531; -8715.0908; 60458.965; 0; 0; 0; 0; 0; 0; 88002.977; 0; 0; 0; 0; 0; 0; -11028.545; -11.547005; 53817.188; -28.290163; -47495.141; 10585.14; 0; 0; 28965.086; 35.355339; 0; -1047.2251; 9762.415; 0; -34.648232; 97792.742; 0; -57838.371; 0; 3766.7578; 41567.488; 0; 172.53406; 36382.883; 0]
[-0.0013270393; 0; 1115.1074; 0; 83825.391; 0; 74622.391; 0; 0; -9932.7305; -6411.3369; 51874.344; 0; 0; 0; 0; 0; 0; 96434.516; 0; 0; 0; 0; 0; 0; -19588.34; 0; 39281.902; 0; -51772.73; 6853.1475; 0; 0; 15858.079; 0; 0; -195.16147; 6629.7129; 0; 0; 82824.359; 0; -50474.27; 0; 0; 44350.316; 0; 0; 41497.629; 0]
[-0.0013270393; 0; 1264.3069; 0; 77640.328; 0; 70451.875; 0; 0; -6861.8086; -5903.6343; 49282.617; 0; 0; 0; 0; 0; 0; 85509.711; 0; 0; 0; 0; 0; 0; -22291.494; 0; 26872.178; 0; -50689.043; 3016.655; 0; 0; 12298.138; 0; 0; -177.4838; 5606.0708; 0; 0; 70238.117; 0; -39898.367; 0; 0; 42577.273; 0; 0; 40065.801; 0]
[-0.0013270393; 0; 2031.5177; 0; 79164.133; 0; 67610.016; 0; 0; 1930.082; -6051.4199; 53324.07; 0; 0; 0; 0; 0; 0; 78874.227; 0; 0; 0; 0; 0; 0; -22953.137; 0; 23330.281; 0; -49969.664; 2807.6543; 0; 0; 16308.99; 0; 0; -1037.3257; 6296.582; 0; 0; 70401.516; 0; -32956.887; 0; 0; 41244.172; 0; 0; 39254.043; 0]
[-0.0013270393; 0; 2957.8276; 0; 91478.406; 0; 60273.781; 0; 0; 26324.285; -5737.4644; 58192.863; 0; 0; 0; 0; 0; 0; 59467.68; 0; 0; 0; 0; -10.969655; 0; -18140.922; -30.599564; 16466.395; -43.87862; -47674.699; 959.55615; 0; -67.882248; 26839.281; 93.338097; 0; -9217.8438; 10451.194; 67.882248; -123.74368; 72310.813; 0; -21838.273; 0; 118.79394; 36089.012; 0; 1121.4713; 34996.664; 0]
[-0.0013270393; 0; 2407.6985; 0; 104960.09; 0; 47757.285; 0; 0; 39046.199; -110.30865; 46480.16; 0; -71.417786; 0; 0; 0; 0; 29089.666; 0; 0; 1431.2513; 0; -1985.5076; 0; -11163.645; -6073.7246; 9467.4521; -5534.4795; -43346.301; 0; 0; -4902.3711; 21030.561; 11153.902; 0; -30349.73; 11090.898; 4741.8579; -13128.852; 64821.996; 0; -8989.9209; 0; 0; 25826.031; 0; 7027.9341; 27166.061; 0]
[-0.0013270393; -2670.0352; 57.27565; 0; 82004.586; 0; 29525.242; 0; 0; 28282.078; 0; 33478.23; -2.309401; -14511.952; 57.27565; 8670.0693; 0; 0; 13734.842; 0; 1872.3469; 17176.17; 0; -11496.775; 0; -13360.462; -23994.1; 8202.4385; -12236.938; -18857.992; 512.10968; 0; -10617.916; 2026.4994; 33219.875; 0; -38341.449; 2987.7876; 1324.4109; -32521.254; 47226.676; 0; -2082.5024; -3279.9268; 0; 6678.7876; 0; 5882.4214; 13593.134; -286.36572]
[-0.0013270393; -18794.191; 8094.251; 0; 79156.359; 0; 8720.748; 957.42255; 0; 27350.236; 0; 32315.449; -2407.5505; -28394.58; 8094.251; 36523.18; -2.1213202; 0; 14000.714; 0; 18229.834; 31904.953; 0; -12022.742; 0; -23033.967; -30710.416; 8485.2813; -5836.4336; -3322.0735; 9680.4316; 0; -18238.404; 2078.4609; 39578.18; -40.991867; -39459.387; 0; -6169.5063; -23705.754; 32796.383; 0; -1382.1765; -18321.633; 0; 6371.0601; 0; 22.627417; 4983.6875; -1400.6517]
[-0.0013270393; -32117.496; 28079.916; 0; 85564.164; 4012.1238; 76.367531; 11.313708; 0; 29426.963; 28.991377; 34931.422; -12046.413; -12792.976; 29950.922; 60068.098; -733.97681; 0; 11879.394; -1668.772; 29466.803; 24608.977; -1300.1927; -17065.896; 0; -27916.617; -33703.398; 6363.9609; -568.11267; -68.704681; 13781.351; 0; -10004.854; 945.12238; 42782.082; -4012.0068; -25307.35; 0; -5835.0449; -14866.92; 14213.209; 0; 268.46777; -34477.047; 0; 5987.1221; 1547.1497; 7.7781744; -485.55151; -396.63965]
[-0.0013270393; -21392.102; 27200.275; 17.897858; 90494.813; 6893.584; 0; 0; 540.39984; 24554.705; 18.384775; 37231.586; -23176.572; -1194.3033; 36618.23; 50589.16; -777.11035; 0; 14283.557; -6396.4878; 23192.16; 2735.4858; -11193.09; -29609.986; 0; -17104.002; -29704.672; 8745.4971; -1367.7427; 0; 9832.8525; 178.89801; -3891.9158; 3267.8025; 52628.543; -4346.8701; 10686.504; 0; -161.92744; -2889.9456; 11122.652; 1386.2179; 4815.6787; -39282.91; -1702.7131; 928.37921; 9932.0215; 0; -11214.451; -2604.427]
[-0.0013270393; -6021.0142; 11136.225; 1035.1891; 65144.332; 7897.6753; 0; 0; 68.704681; 15453.934; 0; 25131.479; -27468.594; 0; 18775.1; 29604.789; -334.46149; 0; 14000.714; -10001.318; 13723.615; -13833.89; -11400.358; -35071.719; 0; -7132.0078; -19553.121; 8468.3105; -4787.3882; 0; 1453.7679; 4398.9116; -33.234016; 2662.7393; 55380.602; 2566.8992; 22647.217; 0; -3.5355339; 2194.8594; 10738.715; 14728.781; 6506.1602; -33115.078; -8227.1875; 0; 9706.4551; 0; -15458.553; -8716.2568]
[-0.0013270393; -2730.8464; 4612.4575; 558.87512; 50119.023; 5724.0293; 0; 29.698484; 803.09424; 8234.7461; 0; 18202.121; -30333.404; 0; 10830.047; 22238.955; -4.9497476; 0; 14458.92; -8560.2344; 8348.4844; -19095.859; -9609.9951; -29658.482; 278.28284; -5585.2866; -12102.416; 8909.5449; -9152.1563; -268.46786; 55.425625; 4311.23; -8.485281; 1743.5978; 62159.633; 4592.8213; 20199.213; 0; 0; 2549.1199; 10623.245; 24945.574; 5716.3447; -28474.338; -11492.606; 0; 8983.791; 63.63961; -15197.014; -10293.578]
[-0.0013270393; -2353.2515; 3665.6416; 132.21338; 45446.461; 5138.5449; 0; 45.254833; 848.7049; 6714.583; 0; 16354.023; -31597.225; 0; 8646.502; 19571.598; 0; 0; 11921.82; -7107.1299; 6516.5522; -20830.221; -9411.9639; -27951.836; 364.30801; -5386.6777; -10006.058; 6363.9609; -10876.702; -498.83063; 21.93931; 4246.8833; 0; 692.82031; 63073.219; 3591.696; 18572.867; 0; 0; 2590.1321; 7851.9634; 27038.467; 5364.1611; -26727.854; -11927.477; 0; 8859.3408; 67.17514; -15753.002; -10258.937]
[-0.0013270393; -1880.9039; 3098.5417; 175.51465; 42731.172; 5028.9434; 0; 50.204582; 864.87067; 5839.8979; 0; 15280.729; -31238.113; 0; 7686.2505; 18255.238; 0; 0; 12928.032; -6614.2769; 5902.2515; -21242.447; -9008.3965; -26783.279; 327.3576; -5294.8794; -9064.9766; 7353.9102; -11087.435; -481.5101; 0; 4162.0303; 0; 1154.7006; 61970.129; 3274.7307; 17449.273; 0; 0; 2568.9189; 8775.7236; 27244.004; 4865.9082; -25579.502; -11940.912; 0; 8534.0713; 67.17514; -15771.477; -10010.099]
[-0.0013270393; -2520.8354; 4133.7461; 80.829102; 46092.047; 5589.6792; 0; 62.225395; 954.35999; 6835.25; 0; 16675.029; -31263.516; 0; 9254.6133; 20418.568; 0; 0; 14075.667; -7114.9082; 6464.5908; -20511.523; -9347.3008; -28153.33; 387.40204; -5771.7705; -9850.1729; 8485.2813; -10792.986; -618.3421; 33.486317; 4251.126; 0; 1847.5209; 62813.711; 3547.8174; 18582.766; 0; 0; 2568.9189; 10045.895; 26669.539; 5261.3931; -26930.504; -12143.145; 0; 8792.873; 47.376152; -15398.509; -10176.376]
[-0.0013270393; -3394.1123; 5335.1206; 116.62476; 52006.289; 5815.2461; 0; 67.882248; 718.22369; 8618.1074; 0; 19658.199; -30686.744; 0; 11332.8; 21949.703; -2.1213202; 0; 15192.189; -8507.2021; 8431.0459; -18253.506; -10183.304; -31127.262; 492.47977; -5494.0649; -12559.678; 9616.6523; -8311.5342; -460.72549; 74.478188; 4548.1108; -8.485281; 2792.0659; 61799.715; 4117.0845; 20757.119; 0; 0; 2522.957; 11200.595; 23346.891; 6871.623; -28655.049; -11641.806; 0; 9389.6709; 43.133514; -15604.623; -11232.35]
[-0.0013270393; -4661.248; 8360.123; 267.89063; 58186.402; 7945.7588; 0; 24.748737; 535.78107; 11465.6; 0; 23769.51; -29101.34; 0; 14883.891; 24405.172; -6.3639607; 0; 14012.734; -9492.2012; 10411.357; -13979.382; -11127.849; -34723.578; 232.0948; -6233.6509; -14976.466; 8485.2813; -4905.7451; -191.68028; 621.80621; 4922.8774; -9.8994951; 1899.4824; 56637.836; 3186.9731; 21689.793; 0; 0; 2497.501; 10623.245; 15289.391; 7650.4688; -29060.926; -10919.143; 0; 9000.0547; 48.08326; -14996.096; -12648.59]
[-0.0013270393; -10790.449; 16517.307; 980.91815; 69000.891; 8329.0107; 0; 9.1923876; 0; 13474.199; 34.648232; 32044.094; -27966.846; -93.338097; 22660.65; 28876.174; -713.4707; 0; 14291.335; -6850.4502; 12713.254; -5022.3701; -13574.082; -32399.164; 43.87862; -8330.5869; -16934.838; 8768.124; -734.38953; -19.62991; 4115.9302; 5130.0596; -141.42136; 2464.1309; 48730.262; -3709.4753; 19357.049; 0; -9.8994951; 1477.8533; 10392.305; 2446.2329; 7860.0469; -29160.807; -5764.3345; 8.0829039; 8931.4658; 20.506096; -15050.944; -13320.048]
[-0.0013270393; -24105.27; 24886.623; 43.878616; 76393.695; 6983.3862; 0; 8.485281; 0; 13968.412; 1163.1907; 35861.535; -27840.406; -6004.7505; 24395.891; 34964.91; -762.26111; 0; 12162.236; -1412.7993; 16136.361; 8813.8291; -13781.351; -19053.713; 21.93931; -16289.938; -14762.268; 6646.8037; -13.856406; -9.2376041; 12205.185; 5188.0425; -4477.3999; 926.06982; 43994.766; -13316.584; 789.13184; 0; -32.526913; -1314.5115; 8480.1201; 45.610672; 6916.6563; -29731.807; -661.14484; 2830.1709; 9245.4209; 7.0710678; -15230.5; -14315.977]
[-0.0013270393; -26076.684; 11852.523; 0; 77288.891; 0; 0; 827.31494; 0; 14798.641; 4386.8906; 34754.754; -26273.479; -27362.203; 9722.7178; 26035.033; -5.6568542; 0; 14566.399; 0; 12301.024; 15467.214; -13633.549; -3607.8618; 0; -18543.912; -10331.683; 9050.9668; 0; -1508.0388; 21197.992; 3720.7959; -9172.5889; 1962.9908; 42565.707; -20570.412; -15090.365; 0; -462.44781; -1814.4359; 15543.424; 0; -797.32074; -23477.949; 0; 4460.6079; 6125.666; 0; -14695.296; -13842.55]
[-0.0013270393; -7611.2974; 89.802559; 0; 79285.766; 0; 0; 1854.0339; 0; 16752.395; 7085.917; 34885.234; -25230.207; -19862.629; 73.539101; 7952.4224; 0; 0; 14283.557; 0; 2324.9895; 10470.247; -12160.729; -1939.8969; 291.56189; -20144.328; -6947.2559; 8768.124; 0; -14972.424; 16627.111; 2682.0559; -11006.823; 2193.9309; 37553.734; -19199.205; -17438.668; 0; 3629.5791; -2407.6985; 17506.414; 0; -1385.6406; -6757.3076; 0; 860.25189; 1603.011; 0; -14065.984; -9468.5449]
[-0.0013270393; 0; 5441.1865; 0; 87177.781; 0; 167.5843; 716.29913; 0; 22125.795; 6002.6294; 41537.465; -29047.068; -222.03152; 0; 0; 0; 76.367531; 27456.955; 0; 0; 1287.4911; -5274.6719; -106.23244; 6066.7964; -24360.139; -1163.3607; 6788.2251; -6.9282031; -38898.973; 4782.7695; 3016.5176; -12088.697; 1732.0508; 13196.733; -15187.776; -15680.093; 0; 30027.996; -613.76868; 17453.875; 0; -1385.6406; 0; 0; 0; 997.02057; 0; -14433.757; -3456.0186]
[-0.0013270393; 0; 6914.7969; 0; 66655.422; 0; 627.91083; 0; 0; 20167.422; 133.64331; 40483.801; -30674.619; 0; 0; 0; 0; 5103.1895; 46697.332; 0; 0; 0; -34.063667; -7.5055532; 9676.3906; -23259.711; -15.011106; 4242.6406; 0; -41926.02; 0; 864.08447; -10216.985; 870.64417; 88.388344; -5763.1104; -6513.1606; 0; 41043.305; -13.435029; 13797.517; 0; -1385.6406; 0; 0; 0; 1760.6958; 0; -7555.2056; -730.34808]
[-0.0013270393; 0; 5685.8457; 0; 58655.211; 0; 1148.3414; 0; 0; 10615.162; -2493.9653; 40246.508; -29510.104; 0; 0; 0; 0; 7464.2192; 67252.219; 0; 0; 0; -2.8867512; 0; 9252.6152; -23341.693; 0; 5232.5903; 0; -48722.59; 0; 57.27565; -12626.099; 1178.3718; 0; -1081.3771; -875.39819; 0; 44411.254; 0; 18184.801; 0; -1385.6406; 0; 0; 0; 1820.0928; 0; -3843.4207; -58.889725]
[-0.0013270393; 0; 3853.0249; 0; 49693.344; 0; 132.93607; 0; 0; 5162.665; -2951.4636; 28300.557; -29505.484; 0; 0; 0; 0; 8816.207; 67920.438; 0; 0; 0; -2.309401; 0; 7999.7651; -16741.426; 0; 6363.9609; 0; -48358.281; 0; 0; -10003.439; 1847.5209; 0; -4.6188021; -28.284271; 0; 42697.227; 0; 15874.245; 0; -1385.6406; 0; 0; 0; 1709.7842; 0; -1383.3313; 0]
[-0.0013270393; 0; 2864.4895; 0; 46503.582; 0; 19.091883; 0; 0; 4427.1211; -2563.262; 24914.973; -28691.998; 0; 0; 0; 0; 8674.0791; 65973.766; 0; 0; 0; -6.9282031; 0; 7439.1582; -14638.139; 0; 7495.3315; 0; -47010.746; 0; 0; -8398.3066; 2771.2813; 0; 0; 0; 0; 40236.496; 0; 15285.348; 0; -1385.6406; 0; 0; 0; 1715.441; 0; -819.26001; 0]
[-0.0013270393; 0; 3831.8115; 0; 48602.273; 0; 11.313708; 0; 0; 5060.4756; -2805.0925; 27864.656; -28928.713; 0; 0; 0; 0; 8433.6621; 66178.125; 0; 0; 0; -4.0414519; 0; 8061.5415; -16624.223; 0; 6363.9609; 0; -46322.543; 0; 0; -9763.7305; 1847.5209; 0; -8.6602535; -29.698484; 0; 41466.863; 0; 16295.134; 0; -1385.6406; 0; 0; 0; 1726.7548; 0; -1446.2625; 0]
[-0.0013270393; 0; 4577.1021; 0; 53410.602; 0; 727.61285; 0; 0; 6912.0381; -2488.3086; 34941.813; -28854.234; 0; 0; 0; 0; 7819.8936; 68503.086; 0; 0; 0; -5.7735023; 0; 8653.9033; -19883.365; 0; 6646.8037; 0; -47164.32; 0; 24.04163; -11165.923; 2078.4609; 0; -329.08966; -135.7645; 0; 42780.668; 0; 18307.199; 0; -1385.6406; 0; 0; 0; 1729.5831; 0; -2632.1399; -28.290163]
[-0.0013270393; 0; 5444.7222; 0; 52319.535; 0; 506.28845; 0; 0; 10269.907; -2136.8765; 37949.23; -27557.506; 0; 0; 0; 0; 6914.0898; 59992.352; 0; 0; 0; -69.282028; 0; 8185.0947; -21806.52; 0; 4525.4834; 0; -43510.27; 0; 57.982754; -11880.101; 923.76044; 0; -1211.2809; -731.85553; 0; 41191.09; 0; 16201.603; 0; -1385.6406; 0; 0; 0; 1549.2709; 0; -3942.7251; -66.395279]
[-0.0013270393; 0; 6076.1685; 0; 55218.676; 0; 657.60931; 0; 0; 11318.374; -2095.8645; 42040.336; -27511.895; 0; 0; 0; 0; 6361.8398; 59971.848; 0; 0; 0; -288.09778; 0; 8544.7842; -23039.162; 0; 6929.6465; 0; -43707.148; 0; 246.07315; -12524.982; 1962.9908; 0; -2501.0813; -1277.0348; 0; 40616.211; 0; 19719.398; 0; -1385.6406; 0; 0; 0; 1693.5208; 0; -5043.7319; -218.81575]
[-0.0013270393; 0; 6163.1426; 0; 57883.055; 0; 835.09308; 0; 0; 12283.703; -1577.5553; 43189.262; -27332.338; 0; 0; 0; 0; 5446.8433; 57885.176; 0; 0; 0; -383.36057; 0; 8267.6553; -23892.484; 0; 6646.8037; 0; -43681.742; 0; 539.52246; -13018.543; 2198.5498; 0; -3335.3525; -2006.0619; 0; 40812.789; 0; 19781.174; 0; -1385.6406; 0; 0; 0; 1585.3334; 0; -5768.3066; -491.90244]
[-0.0013270393; 0; 6264.9658; 0; 59471.922; 0; 687.3078; 0; 0; 11288.93; -1461.5897; 43379.215; -27331.184; 0; 0; 0; 0; 5236.8325; 59547.582; 0; 0; 0; -376.43237; 0; 8436.8193; -24397.09; -2.8867512; 9192.3877; 0; -43644.793; 0; 524.67322; -13596.249; 1759.7635; 28.284271; -3498.7427; -2725.1895; 0; 41354.434; 0; 22744.137; 0; -1385.6406; 0; 0; 0; 1570.4841; 0; -5880.3125; -467.07635]
[-0.0013270393; 0; 6386.5884; 0; 58206.203; 0; 349.31073; 0; 0; 11206.945; -1052.1748; 42980.266; -26582.361; 0; 0; 0; 0; 5416.438; 55452.727; 0; 0; 0; -114.8927; 0; 8364.0732; -23560.51; -2.309401; 6646.8037; 0; -42199.109; 0; 563.56409; -13587.764; 692.82031; 56.568542; -3736.6108; -2673.5708; 0; 39779.707; 0; 19940.523; 0; -1385.6406; 0; 0; 0; 1498.3593; 0; -5979.6167; -518.46051]
[-0.0013270393; 0; 6156.7788; 0; 58047.809; 0; 1059.953; 0; 0; 10941.943; -1388.0505; 43748.137; -26233.641; 0; 0; 0; 0; 5482.9058; 55791.43; 0; 0; 0; -25.403412; 0; 8381.9707; -23802.996; -2.8867512; 7636.7529; 0; -41498.781; 0; 577.70624; -12973.995; 1182.9907; 53.033009; -3737.7656; -2929.5435; 0; 38502.672; 0; 21191.641; 0; -1385.6406; 0; 0; 0; 1513.9156; 0; -5933.4282; -531.73956]
[-0.0013270393; 0; 5998.3867; 0; 58554.098; 0; 801.85907; 0; 0; 10809.729; -1120.0571; 42036.297; -25608.371; 0; 0; 0; 0; 5236.8325; 56579.855; 0; 0; 0; -25.980762; 0; 9048.2334; -24130.932; -1.1547005; 8768.124; 0; -41199.715; 0; 536.69403; -13855.05; 1847.5209; 52.325901; -3692.1548; -3093.592; 0; 39771.219; 0; 22783.973; 0; -1385.6406; 0; 0; 0; 1575.4338; 0; -6013.6802; -466.49902]
[-0.0013270393; 0; 6172.335; 0; 59500.207; 0; 634.98187; 0; 0; 11041.823; -1260.0642; 42599.789; -26037.342; 0; 0; 0; 0; 5023.2866; 57238.879; 0; 0; 0; -34.063667; 0; 8743.3926; -24115.92; 0; 9899.4951; 0; -41354.445; 0; 557.20013; -13843.736; 2785.7151; 33.941124; -3882.6804; -3454.2166; 0; 39873.75; 0; 23877.475; 0; -1385.6406; 0; 0; 0; 1624.2242; 0; -6139.543; -497.67593]
[-0.0013270393; 0; 6349.1118; 0; 60582.078; 0; 957.42255; 0; 0; 11632.453; -775.69604; 42906.363; -25944.967; 0; 0; 0; 0; 4589.8301; 55060.988; 0; 0; 0; -33.486317; 0; 8777.4561; -24670.754; -6.350853; 8768.124; 0; -41255.141; 0; 562.85699; -13901.012; 1847.5209; 74.953316; -4428.2764; -3668.47; 0; 39583.836; 0; 23439.266; 0; -1385.6406; 0; 0; 0; 1580.3837; 0; -6586.9893; -514.99646]
[-0.0013270393; 0; 6252.2383; 0; 59096.445; 0; 454.66965; 0; 0; 11639.958; -803.98022; 41808.242; -25828.918; 0; 0; 0; 0; 4651.3481; 54292.363; 0; 0; 0; -38.682468; 0; 8767.6406; -23479.682; -2.309401; 9050.9668; 0; -40219.949; 0; 515.48083; -13541.095; 2083.0798; 38.890873; -4326.0854; -3643.0142; 0; 39221.797; 0; 22462.389; 0; -1385.6406; 0; 0; 0; 1557.0491; 0; -6507.8926; -476.31396]
[-0.0013270393; 0; 6272.0371; 0; 59956.289; 0; 1269.2566; 0; 0; 11615.71; -1062.7815; 43390.18; -25727.883; 0; 0; 0; 0; 4736.9082; 53356.156; 0; 0; 0; -36.950417; 0; 8549.4023; -24550.088; -4.6188021; 6929.6465; 0; -40949.145; 0; 518.30927; -13245.524; 943.39032; 45.254833; -4061.0818; -3583.6172; 0; 38982.797; 0; 21060.006; 0; -1385.6406; 0; 0; 0; 1574.0197; 0; -6227.8774; -442.82764]
