[-0.0013270393; -441.23462; 23774.344; 2911; 306687.06; 0; 34464.383; 0; 18312.395; 122188.1; 0; 115125.95; -40737.832; -55849.414; 66699.969; 102837.63; 11359.67; 0; 8626.7021; 2753.4739; 31321.25; 71514.641; 3152.9097; -3611.3257; -14046.932; -451.48792; -201596.84; -34241.645; -40431.262; -4074.938; 77.942284; 1937.4725; -4294.2593; 639.12671; 94974.336; -1491.873; -42668.234; 67004.383; -23414.426; -64631.68; 133390.44; 20591.775; -50688.465; -5383.2139; 50689.656; 21973.375; 0; 85090.398; 95198.703; 0]
[-0.0013270393; -1581.7979; 25067.643; 2839.9858; 311819.25; 0; 35218.16; 0; 18341.84; 123279.87; 0; 117536.97; -40465.902; -58320.75; 68061.148; 107043.05; 11384.419; 0; 9616.6523; 2748.5239; 33264.039; 73509.969; 3147.7136; -5005.0488; -13795.207; -1492.4504; -204162.03; -32845.109; -40868.895; -4343.9834; 81.406387; 1863.2263; -4618.8213; 640.28143; 97839.539; -1544.9893; -45925.879; 66775.172; -24375.385; -67670.117; 134838.42; 20519.605; -50320.695; -7474.9531; 50690.363; 22837.09; 0; 84285.711; 95130.578; 0]
[-0.0013270393; -1594.5258; 25296.744; 3006.2627; 319081.94; 0; 37357.867; 0; 18852.219; 125118.16; 0; 120356.75; -41204.91; -58679.961; 68240.047; 108310.91; 11374.52; 0; 10748.022; 2845.3977; 33139.906; 75428.5; 3272.9985; -5083.5688; -14012.291; -1588.2905; -207810.3; -32647.121; -42266.082; -4565.6855; 71.591431; 1823.6284; -4678.2183; 622.96094; 99877.414; -1674.8931; -45797.891; 69160.211; -24381.748; -68633.195; 140365.97; 20969.939; -52941.289; -7661.4375; 52364.086; 22708.34; 0; 86845.438; 96945.188; 0]
[-0.0013270393; -2739.3315; 26377.91; 2942.177; 320612.81; 0; 36251.242; 0; 19240.197; 125149.91; 0; 120134.47; -41012.652; -58847.547; 69679.008; 110583.93; 11374.52; 0; 11879.394; 2889.2383; 33844.844; 75466.609; 3231.4294; -6629.1357; -14243.809; -2573.25; -210510.56; -32447.008; -41502.824; -4493.5171; 90.066643; 2018.7898; -4729.8374; 747.09125; 102029.85; -1562.8872; -47472.32; 67716.258; -24958.041; -70215.703; 140385.61; 22130.99; -51134.758; -9211.0459; 52399.441; 22598.066; 0; 85977.109; 95978.133; 0]
[-0.0013270393; -389.61584; 23821.721; 3091.7107; 306563.31; 0; 32860.664; 0; 19046.209; 120125.8; 0; 114850.55; -41058.262; -54658.645; 66951.695; 103006.22; 11359.67; 0; 10748.022; 2443.761; 30544.711; 70575.875; 2895.989; -3863.0503; -14319.441; -439.36356; -202156.88; -32723.484; -39218.25; -3961.7776; 71.014084; 1997.5767; -4183.2437; 632.77588; 93748.219; -1438.1794; -41129.574; 67379.664; -23172.596; -62993.313; 135567.03; 21823.262; -51533.133; -5213.4727; 52101.75; 21934.113; 0; 85148.383; 94591.336; 0]
[-0.0013270393; -2746.4026; 26498.119; 3107.2991; 322413.81; 0; 36573.684; 0; 18928.428; 126865.21; 0; 120818.63; -40609.086; -58677.844; 69906.695; 110234.64; 11414.117; 0; 11030.865; 2884.2886; 34221.281; 76181.367; 3237.2029; -7110.646; -14411.24; -2616.5513; -211699.91; -33312.508; -42298.41; -4478.5059; 90.066643; 2102.9355; -4637.2061; 772.49463; 102592.7; -1481.4807; -47891.633; 67807.477; -24958.041; -70867.656; 139701.45; 22473.936; -51186.141; -9434.4805; 52012.652; 21896.586; 0; 85725.383; 97138.023; 0]
[-0.0013270393; -1362.5947; 25230.277; 3261.4517; 312618.25; 0; 33975.773; 0; 18313.551; 124336.42; 0; 116823.36; -40903.535; -55992.25; 68681.281; 105997.47; 11394.318; 0; 8909.5449; 2792.3647; 32097.781; 72270.977; 3277.6174; -6133.769; -14240.922; -1428.9419; -208064.33; -35643.129; -40740.723; -4098.0322; 40.991867; 1965.7568; -4439.2163; 786.35107; 99516.086; -1146.0403; -44590.152; 66627.953; -24117.291; -67281.211; 133660.63; 22536.291; -50036.059; -7809.8174; 51108.262; 21409.301; 0; 85614.367; 95972.359; 0]
[-0.0013270393; -1215.5165; 25058.449; 3311.1038; 305375.38; 0; 32037.594; 0; 17459.648; 119603.3; 0; 114235.1; -40700.305; -53816.48; 68464.195; 103420.17; 11424.017; 0; 11313.708; 3577.9602; 30660.758; 69726.594; 3734.8789; -6230.186; -14070.025; -1264.3971; -206850.16; -34283.363; -39745.945; -3960.0457; 38.682468; 2010.3046; -4129.5034; 744.20447; 98243.297; -981.49542; -43093.207; 65742.297; -23853.539; -65310.504; 133047.47; 23085.928; -48574.789; -7224.3838; 50336.809; 21572.115; 0; 85227.578; 94960.258; 0]
[-0.0013270393; -2344.7661; 26288.107; 3575.5303; 309433.47; 0; 30551.963; 0; 17433.668; 121392.51; 0; 115544.53; -40895.449; -54497.426; 70102.563; 107213.37; 11424.017; 0; 11030.865; 2885.7026; 33122.586; 70211.563; 3308.217; -7850.8096; -14574.63; -2288.6165; -209361.06; -33992.742; -38962.48; -4106.6924; 21.361959; 2218.9011; -4061.6213; 893.16083; 99356.984; -980.91809; -45551.816; 63442.133; -24557.111; -67508.898; 131239.8; 25533.891; -47196.648; -9306.8857; 52468.738; 22315.742; 0; 82638.156; 94273.211; 0]
[-0.0013270393; -2238.7; 26351.748; 3572.0662; 308997.19; 0; 30512.363; 0; 17345.334; 122578.39; 0; 113770.33; -40469.945; -53810.824; 69891.141; 105746.9; 11424.017; 0; 12020.815; 3214.5073; 31436.719; 69661.352; 3643.0801; -7685.687; -15201.055; -2357.8984; -211459.73; -35434.535; -38988.465; -3958.3135; 68.127327; 2258.499; -3938.5847; 2501.6587; 100156.73; -860.82922; -44260.641; 64700.18; -24502.664; -66401.57; 133972.41; 27190.311; -47348.496; -9032.6445; 52388.125; 21480.895; 0; 84410.867; 94229.914; 0]
[-0.0013270393; -3894.7441; 27722.828; 3418.491; 314190.19; 0; 30981.176; 0; 17319.932; 125414.33; 0; 115671.55; -40060.027; -55464.039; 71579.008; 109435.59; 11430.381; 0; 9475.2305; 3717.2603; 33208.031; 71444.781; 3845.1528; -9914.2578; -15471.255; -3810.5117; -215389.17; -38388.121; -39457.848; -4252.1846; 80.251686; 2230.2148; -4191.729; 1618.8901; 104157.53; -764.98907; -47583.336; 64021.793; -25439.58; -70315.406; 132359.28; 27887.174; -45959.969; -11635.34; 52318.121; 21617.148; 0; 83792.859; 94182.57; 0]
[-0.0013270393; -1086.116; 24912.785; 3476.8032; 291723.97; 0; 23847.176; 0; 16810.129; 116802; 0; 105312.16; -39230.375; -48061.344; 68812.094; 99367.758; 11424.017; 0; 10465.181; 4099.8052; 29309.766; 62927.715; 3834.1831; -7111.8003; -15594.23; -1196.847; -205402.17; -38287.004; -35184.879; -3611.3257; 31.754265; 2370.929; -1866.0548; 2080.1931; 95329.305; -581.96906; -40719.449; 61391.961; -23649.186; -61180.293; 125545.97; 28923.516; -42599.211; -7582.9185; 50527.02; 19457.281; 0; 80819.477; 89983.5; 0]
[-0.0013270393; -280.72137; 23194.516; 3675.4119; 283477; 0; 21862.328; 0; 17304.342; 113060.77; 0; 101793.77; -39405.309; -45011.586; 67098.07; 93840.203; 11429.674; 0; 11596.551; 4094.8552; 26106.625; 59802.516; 3992.9543; -5656.8784; -15551.507; -366.6174; -201834.72; -37733.34; -33523.844; -2786.2925; 68.127327; 2814.9919; -2141.1194; 2742.9912; 91240.109; -433.59006; -35635.352; 62175.426; -22331.846; -56538.137; 125074.85; 30220.246; -43364.777; -4916.7148; 51168.367; 18856.836; 0; 81538.602; 88590.93; 0]
[-0.0013270393; -2248.5996; 26115.574; 3819.7493; 310581.81; 0; 29016.127; 0; 18863.766; 123842.21; 0; 113681.42; -39665.695; -55235.645; 69992.961; 106518.24; 11404.925; 0; 12727.922; 3990.2036; 31824.695; 70385.922; 3998.7278; -7043.0962; -15166.414; -2212.4063; -212829.2; -36694.602; -38147.262; -4241.792; 69.282028; 2783.1724; -3864.3384; 3678.8757; 101517.2; -1278.2534; -44719.555; 64837.012; -24477.207; -66146.305; 136927.86; 29516.455; -47065.594; -9234.7178; 52228.32; 19993.641; 0; 83321.219; 93866.18; 0]
[-0.0013270393; -2595.0818; 26380.74; 3652.895; 319440.44; 0; 35275.438; 0; 17426.74; 126915.45; 0; 118560.03; -40255.172; -56239.031; 69719.313; 106970.3; 11384.419; 0; 11596.551; 2991.7688; 32846.031; 74109.836; 3460.0601; -7868.707; -14415.281; -2497.0398; -214278.34; -34099.52; -42889.043; -4827.2256; 68.127327; 2289.6118; -4445.5801; 2621.7476; 104764.94; -1047.8907; -48279.129; 66271.727; -24816.619; -71989.836; 139238.41; 26759.607; -48142.93; -9483.5547; 52062.148; 21736.082; 0; 86965.648; 97938.234; 0]
[-0.0013270393; -1692.1064; 24768.535; 2563.4351; 325782.47; 0; 40354.582; 0; 20569.836; 129649.2; 0; 123413.23; -40974.547; -62155.391; 67444.547; 109671.73; 11399.269; 0; 11879.394; 2087.3792; 34350.031; 79659.898; 2557.0842; -2863.6572; -14174.526; -1416.2402; -205115.22; -28816.016; -43346.301; -4621.1113; 71.014084; 1864.6405; -5111.6748; 2677.7505; 98192.383; -1991.8584; -47414.336; 70133.047; -24489.229; -69968.211; 146707; 20433.58; -55268.586; -6907.4189; 55130.285; 23732.561; 0; 85693.563; 98012.133; 0]
[-0.0013270393; -1803.8293; 23632.215; 1267.8612; 347690.75; 0; 52583.992; 0; 24308.178; 135776.05; 0; 136595.3; -43272.977; -68677.039; 65199.488; 119265.55; 11399.269; 0; 9758.0732; 180.31223; 36073.422; 88597.859; 523.07935; -451.48755; -13926.266; -1538.6384; -199957.19; -24172.445; -48706.422; -8052.8813; 555.41095; 1859.6908; -5470.1777; 1247.0765; 97498; -3292.6284; -51200.895; 75488.547; -24874.602; -74758.859; 158247.09; 15172.765; -68976.031; -6280.9937; 58995.332; 30190.801; 0; 87555.375; 101081.91; 0]
[-0.0013270393; -1697.0563; 19456.75; 41.569218; 378623.16; -94.752304; 71661.023; 0; 40182.422; 145847.91; 0; 155367.27; -46444.941; -75372.633; 59669.91; 130622.03; 11404.218; 0; 12162.236; 0; 38651.289; 95437.727; 0; 2355.5884; -12117.427; -1453.1906; -181404.59; -5411.4883; -55252.418; -20758.629; 7877.3667; 390.32294; -6000.5078; 1971.0737; 95071.211; -5293.147; -55449.898; 80076.75; -24984.91; -81593.758; 184172.42; 6890.0981; -94522.055; -3753.354; 67834.164; 41243.016; 0; 85575.477; 106107.16; 0]
[-0.0013270393; -78.488853; 12014.451; 9.8149548; 381139.06; 0; 93408.094; 0; 61797.836; 143205.97; 0; 161176.56; -35888.094; -73088.672; 43802.438; 121852.09; 11483.414; 0; 11966.368; 0; 36539.918; 93279.594; 0; 6673.0146; -9413.1182; -139.14142; -142619.94; 10055.059; -55942.352; -35177.375; 16772.025; 0; -5996.9727; 4506.7959; 77960.641; -5672.4663; -50669.859; 91792.344; -22565.898; -73184.133; 201977.33; 1344.0714; -109496.21; -504.02686; 74113.984; 46575.422; 0; 79751.742; 101820.34; 0]
[-0.0013270393; -225.56706; 8022.1265; 0; 404262.81; -51.618793; 123280.53; 0; 63846.277; 149788.91; -17.67767; 171915.86; -23606.697; -72091.656; 19876.773; 112889.88; 11268.453; 0; 16567.512; 0; 36046.863; 90604.156; 0; 17897.281; -5040.2676; -607.94983; -112827.52; 28791.266; -55102.887; -55426.203; 18520.818; 0; -6326.4844; 19032.928; 73072.414; -5931.1191; -57395.148; 109068.97; -21305.834; -70950.383; 244347.31; 28.290163; -122378.63; -25.40332; 78921.602; 63554.719; 0; 69613.25; 103393.04; 0]
[-0.0013270393; -62.932503; 919.23877; 0; 374618.81; -2990.3545; 142426.16; 0; 61753.383; 139719.91; -768.62506; 163039.67; -10053.4; -68015.891; -1633.416; 86204.742; 5320.9785; -28.284271; 29921.223; 0; 28933.33; 75476.422; 0; 22725.084; -878.14972; -400.10376; -75404.25; 36799.25; -48942.559; -67929.875; 17882.848; 0; -5794.7397; 31642.258; 52315.293; -6602.5776; -42401.656; 105201.88; -14380.431; -50875.625; 262512.5; 0; -128978.32; 3607.8618; 76402.883; 70363.406; 0; 57931.137; 98757.492; 0]
[-0.0013270393; -9.1923876; 392.44427; 0; 355513.5; -5306.1294; 161150.34; 0; 57120.148; 129521.02; -3670.5913; 159799.02; -2406.9731; -56700.77; -11955.762; 55692.938; 611.64734; -4467.5005; 46601.871; 0; 20733.801; 59512.688; 0; 10201.201; 0; -2753.9607; -51228.867; 50473.281; -38777.152; -78762.125; 19217.682; 0; -5275.0166; 41170.27; 38511.863; -6630.2905; -34667.324; 88613.453; -7373.7095; -37717.074; 266305.09; 0; -129609.94; 4333.5908; 73714.469; 71384.742; 0; 47615.156; 94619.047; 0]
[-0.0013270393; 0; 503.46002; 0; 333542.25; -6582.457; 166081.7; 0; 55957.941; 117116.07; -5613.7207; 155562.41; -207.8461; -43410.699; -18164.16; 33645.086; 0; -4899.543; 59577.988; 0; 14667.006; 46503.832; 0; 7504.9761; 0; -5733.6655; -36616.711; 72318.641; -29027.439; -84050.648; 19116.645; 0; -4562.2529; 43752.758; 28447.613; -5539.0981; -26685.502; 70194.242; -2493.9656; -28045.977; 263006.13; 0; -131057.35; 3664.4421; 70365.609; 75720.063; 0; 40496.711; 89276.25; 0]
[-0.0013270393; 0; 737.51239; 0; 318213.59; -6802.3672; 170206.97; 0; 50078.785; 107963.34; -6272.7441; 153164.67; 0; -35078.859; -20853.285; 23297.238; 0; -3425.9324; 68858.766; 0; 9062.667; 37040.484; 0; 6282.7256; 0; -8499.1729; -30192.531; 85767.805; -24978.482; -89261.234; 20195.135; 0; -3956.2625; 46884.883; 24183.758; -4463.4946; -24265.076; 57666.898; -943.98755; -23968.092; 257522.47; 0; -129130.73; 3424.8418; 66452.477; 78521.367; 0; 37050.98; 88553.406; 0]
[-0.0013270393; 0; 917.82458; 0; 312392.69; -5963.0313; 175219.64; 0; 41376.961; 101885.59; -6904.8975; 152784.78; 0; -28984.307; -18501.449; 18502.922; 0; -1904.9457; 77420.414; 0; 5940.3569; 31667.662; 0; 4876.8774; 0; -11503.127; -26845.055; 89148.484; -22257.43; -95621.32; 18717.695; 0; -3647.9639; 47698.945; 21597.869; -4193.2949; -22736.311; 50653.246; -132.93607; -21513.016; 251604.63; 0; -127230.1; 3250.4819; 61336.563; 82122.305; 0; 34395.086; 90866.266; 0]
[-0.0013270393; 0; 1186.5251; 0; 310401.5; -6279.1079; 177398.95; 0; 36317.063; 100576.16; -6770.5474; 152429.14; 0; -25447.359; -16411.24; 16110.382; 0; -506.99554; 79983.672; 0; 4203.687; 29028.594; 0; 3772.9839; 0; -12771.565; -26124.521; 91349; -22033.418; -98857.375; 18814.689; 0; -3632.4075; 52530.789; 21860.205; -3889.6086; -23994.961; 47692.02; -60.811184; -21944.352; 249225.36; 0; -124956.49; 3263.1836; 58606.422; 82747.57; 0; 33635.656; 91902.609; 0]
[-0.0013270393; 0; 1735.9471; 0; 321896.22; -6443.8638; 184560.53; 0; 34785.352; 105087.56; -7621.1968; 159946.81; 0; -26039.207; -15843.435; 16422.729; 0; -437.6991; 81573.25; 0; 4353.7983; 29883.648; 0; 3275.8855; 0; -14429.138; -28312.102; 89873.977; -24136.127; -103212.33; 18277.754; 0; -3982.4253; 53190.125; 24876.723; -3635.5745; -28608.832; 47213.395; -48.790367; -25070.471; 252460.83; 0; -124684.56; 3316.8772; 57200.695; 83117.078; 0; 34351.246; 94540.531; 0]
[-0.0013270393; 0; 1439.6694; 0; 312817.69; -6330.7271; 176078.08; 0; 34430.281; 104028.7; -6987.6289; 153713.73; 0; -27338.162; -16020.918; 17519.117; 0; -359.21024; 77617.695; 0; 5438.6396; 30777.387; 0; 3141.3628; 0; -12985.762; -29513.568; 86966.352; -25051.229; -98960.719; 16868.443; 0; -3973.9399; 51115.129; 24984.203; -3412.1401; -27005.115; 47725.504; -136.4716; -24996.932; 247903.81; 0; -121161.57; 3534.5383; 55674.758; 81760.883; 0; 36169.219; 94640.406; 0]
[-0.0013270393; 0; 2090.9148; 0; 329042.94; -6150.4146; 180737.2; 0; 35741.445; 115093.04; -6643.9751; 161003.36; 0; -31814.148; -17478.973; 20114.307; 0; -1538.6643; 74736.234; 0; 6992.2891; 36202.746; 0; 647.20972; 0; -14018.642; -36839.566; 78147.32; -30348.416; -101968.13; 15615.593; 0; -4823.1753; 49836.297; 33334.426; -2969.3125; -36704.5; 49033.203; -985.70685; -33358.469; 251739.14; 0; -116264.48; 3943.8796; 52718.344; 80875.805; 0; 39124.219; 98617.781; 0]
[-0.0013270393; -21.920309; 3309.9668; 0; 358032.19; -5149.8584; 181384.2; 0; 34781.891; 130736.93; -6189.3057; 170368.55; 0; -43179.477; -13617.463; 28927.557; 0; -2822.7703; 69036.25; 0; 13067.168; 47622.16; 0; -5300.6528; 0; -22835.934; -51331.059; 59881.336; -39882.203; -106882.54; 11497.931; 0; -6579.6284; 44069.723; 49288.879; -2480.874; -54767.539; 52675.129; -6049.2983; -49380.094; 252817.06; 0; -106009.02; 3736.6108; 45182; 80105.617; 0; 45490.301; 104147.06; 0]
[-0.0013270393; -315.36963; 5888.0781; 0; 385858.25; -5101.0684; 168364.25; 0; 33699.934; 146858.27; -4485.8853; 176987.31; -215.929; -55775.168; -6665.896; 42840.547; 1750.7964; -3280.2683; 53766.277; 0; 19457.281; 62055.914; 0; -11779.1; 0; -30616.309; -66459.945; 38772.078; -48518.785; -104464.02; 11033.74; 0; -17082.992; 39646.641; 69157.164; -4591.6665; -75475.867; 62500.477; -9369.8721; -67100.188; 248597.8; 0; -94884.047; 2015.53; 43777.688; 73489.758; 0; 49361.004; 102833.59; -19.052559]
[-0.0013270393; -3402.5977; 14317.498; 0; 398066.47; -4176.8799; 145180.33; 679.5296; 24231.967; 153753; -2346.1802; 175513.91; -3727.9507; -70201.563; 8224.3584; 65611.234; 5463.814; -48.790367; 41787.18; 0; 26763.648; 78671.477; 0; -13476.51; 0; -37671.527; -87819.594; 13517.053; -51175.75; -91536; 13061.973; 0; -29395.137; 32269.838; 90176.617; -6538.4917; -98528.258; 69129.031; -8689.6357; -82096.508; 228181.52; 0; -70589.156; -3871.1333; 32150.023; 62369.418; 0; 50314.184; 100076.16; -881.61383]
[-0.0013270393; -12635.291; 24041.629; 0; 409020.97; -2340.5234; 116678.27; 2951.4636; 19122.996; 158139.7; -33.234016; 174341.88; -10138.271; -83885.492; 21577.363; 91904.922; 3916.6643; -31.112698; 29357.658; 0; 37065.309; 89962.141; 0; -11193.089; 0; -45286.773; -108499.7; 8992.9844; -50082.25; -78023.695; 18476.363; 0; -35414.031; 24619.371; 110875.76; -6491.1489; -123798.84; 62065.156; -12580.136; -93582.75; 202037.38; 0; -52684.945; -13761.145; 24740.252; 54582.117; 0; 50959.063; 91740.383; -1709.5341]
[-0.0013270393; -26624.691; 32704.396; 16.743158; 421181.78; -23.334524; 79055.953; 2900.552; 15742.032; 162659.19; 29.698483; 173200.45; -18677.281; -82175; 44281.148; 116638.03; 4488.0068; 0; 21417.557; -147.78531; 57761.586; 102088.23; -116.0474; -18270.826; 2.309401; -62427.73; -130159.58; 9211.4805; -49025.121; -62666.754; 23577.83; 0; -39407.77; 15533.608; 138491.81; -3561.0964; -139328.33; 45617.023; -16617.008; -103365.58; 161753.33; 61.776478; -38501.18; -30571.273; 20276.287; 42574.961; 12.020815; 41697.379; 74314.219; -2550.7336]
[-0.0013270393; -41320.492; 44322.867; 10.392304; 412415.06; 1430.4771; 48197.813; 2855.2971; 9235.2949; 160087.09; 93.338097; 168450.59; -37232.742; -66891.594; 66647.641; 138650.09; 9217.8438; 0; 14112.437; -4319.0083; 68812.641; 102742.95; -4658.062; -40386.227; 6.9282031; -75952.156; -151689.55; 7721.606; -40434.148; -47753.219; 32395.123; 0; -40543.379; 7659.7056; 159362.77; -10623.244; -136724.75; 25437.475; -15463.717; -99850.547; 114409.46; 96.417496; -18156.512; -52103.551; 10496.293; 25096.262; 883.88348; 30938.75; 51256; -3255.6782]
[-0.0013270393; -51072.199; 53993.965; 0; 387093.56; 4514.877; 30752.074; 2829.1343; 3862.4731; 145593.88; 4053.136; 156885.7; -58213.648; -62887.953; 80565.625; 149564.89; 9908.6875; 0; 14051.626; -12319.214; 65449; 85729.578; -12196.524; -50933.262; -978.6087; -74230.5; -159436.44; 8458.4111; -27013.064; -30735.818; 37778.336; 79.195961; -35508.074; 3568.6021; 174958.02; -16130.012; -107375.58; 11835.103; -13220.775; -88947.664; 80392.555; 2188.7346; -6004.4424; -68672.93; 5397.3462; 13507.109; 4604.6792; 20672.973; 29975.447; -5745.79]
[-0.0013270393; -54719.457; 57582.531; 10.392304; 359232.88; 6576.8003; 13730.6; 2807.2139; 782.8869; 130128.4; 5945.3535; 145978.41; -69672.32; -57173.824; 88323.289; 151495.55; 4427.9023; 0; 11879.394; -15385.937; 60865.418; 63836.461; -18506.963; -56924.426; -3458.3281; -68481.25; -151347.77; 6293.2505; -13810.219; -18368.977; 39018.484; 478.71127; -30967.035; 2266.6772; 179547.84; -18953.254; -78327.633; 10898.063; -11601.501; -71441.117; 59737.852; 4533.354; -3129.8159; -80248.227; 3820.4978; 10823.009; 9054.502; 16669.336; 14258.242; -9303.4219]
[-0.0013270393; -56575.613; 57539.398; 30.022213; 335403.38; 7754.1328; 7136.1211; 2798.7285; 2898.2983; 114463.73; 6540.7378; 137170.91; -71479.43; -53526.566; 89200.813; 144200.73; 185.26196; 0; 14283.557; -14719.842; 58389.164; 44397.656; -24249.865; -60296.73; -2394.8489; -60060.016; -140311.69; 7027.2271; -12411.875; -9654.4512; 38914.563; 4786.4058; -26394.881; 4615.9155; 188745.89; -24715.787; -53407.773; 9938.5078; -10023.946; -52171.043; 46283.285; 10224.296; 2222.7986; -91255.406; 109.60155; 9597.8711; 12840.352; 15542.207; 1717.0391; -18239.65]
[-0.0013270393; -56475.203; 55949.824; 272.50931; 317303.56; 8430.127; 2854.5898; 2794.4858; 5912.0664; 106536.13; 6694.8867; 131484.02; -72116.242; -53652.434; 83031.305; 136710.77; -912.16772; 0; 14000.714; -12097.183; 56549.148; 33228.816; -27621.592; -62988.336; -440.51825; -54356.371; -131249.03; 790.54541; -12729.996; -4720.9932; 36335.539; 6057.0767; -22510.037; 4833.5762; 189523.7; -27959.918; -36458.43; 9908.4854; -9779.2861; -40405.496; 37325.117; 14677.977; 4993.5024; -95310.711; -436.99197; 9188.5293; 15428.362; 15132.085; -4477.9297; -23432.338]
[-0.0013270393; -55863.555; 50639.453; 1026.5287; 304472.41; 9712.8184; 870.44843; 2612.0522; 6077.7661; 95352.859; 7355.3247; 129496.2; -81099.234; -55208.07; 73716.586; 130288.91; -954.59418; 0; 15273.506; -11555.539; 54794.586; 22232.605; -31726.551; -68294.766; 299.06744; -50309.723; -118295.6; -89.802734; -14530.752; -3017.8096; 30521.045; 10433.36; -20067.691; 4356.1074; 199283.91; -31816.617; -19443.316; 7294.8203; -8472.5537; -28699.344; 31769.852; 23407.512; 8391.208; -98782.898; -3047.6301; 8696.0498; 17673.426; 11232.392; -17310.691; -36209.098]
[-0.0013270393; -54476.211; 47667.48; 2062.2952; 285877.63; 9661.2002; 422.14273; 2538.5134; 5877.4258; 90739.258; 6282.6436; 119611.38; -79301.938; -50429.441; 68389.242; 122910.94; -987.82819; 0; 12727.922; -12228.705; 52551; 15630.602; -30777.387; -67707.594; 377.00974; -47803.445; -113623.69; -5651.9043; -14153.741; -2933.5166; 29816.098; 10929.042; -17719.389; 3318.032; 193407.84; -28496.275; -11705.445; 7144.7095; -6259.3091; -21699.693; 25143.025; 28727.217; 8899.8545; -96833.766; -4876.2085; 7724.3691; 18302.752; 11246.533; -17819.916; -35246.656]
[-0.0013270393; -53100.891; 45196.852; 3286.2776; 277626.38; 10795.399; 31.112698; 2807.2139; 4690.3936; 83764.859; 6277.6938; 119618.89; -81434.102; -51465.352; 63873.66; 116513.9; -993.48499; 0; 13717.871; -12808.532; 51723.078; 12991.537; -30903.828; -67764.75; 1718.7717; -44820.855; -104765.98; -5154.8086; -12317.768; -2617.1289; 26707.068; 11837.674; -16287.498; 3781.644; 188651.84; -30018.748; -5187.3359; 5483.6729; -4975.2031; -17186.938; 22329.6; 29280.895; 10651.535; -94552.078; -5160.4653; 6733.0586; 18493.67; 9671.8057; -20910.469; -39724.586]
[-0.0013270393; -52492.07; 44790.973; 3256.8328; 269019.5; 10623.572; 19.79899; 2520.1284; 4594.5537; 80960.672; 6422.6509; 114542.25; -80396.602; -46431.461; 63306.563; 113980.48; -993.48499; 0; 14849.242; -12419.623; 51025.637; 11583.378; -31067.217; -66696.656; 1463.5829; -43614.77; -101565.73; -3583.6172; -12219.041; -2221.6438; 26687.438; 11815.754; -14733.984; 4486.5889; 184219; -29056.307; -3076.6211; 4947.8916; -4937.0195; -16099.408; 21889.08; 29482.391; 10394.614; -93358.695; -5534.5249; 6683.4067; 18545.996; 8557.4063; -21987.807; -37886.301]
[-0.0013270393; -52466.613; 45686.875; 3010.3042; 275855.81; 10884.494; 19.79899; 2609.9312; 4686.9292; 81906.367; 7622.6108; 119077.91; -84415.531; -48006.891; 64712.289; 114216.63; -993.48499; 0; 15980.613; -12884.899; 50776.797; 11417.103; -32473.066; -66974.359; 1346.3809; -44298.352; -101597.48; -1064.1953; -11886.487; -2662.7393; 27245.158; 12164.358; -15174.512; 5379.75; 187437.73; -30686.744; -4935.6055; 4742.355; -4326.7861; -17372.199; 23227.955; 28838.068; 10529.137; -93089.07; -6373.8604; 6671.2822; 19083.398; 8138.7988; -23937.52; -40019.031]
[-0.0013270393; -54354.59; 47023.309; 1764.3823; 287764.19; 10855.503; 118.08683; 2461.4387; 5127.4473; 84923.023; 7084.5029; 125897.58; -85178.219; -50725.715; 68728.656; 116762.73; -975.10022; 0; 14849.242; -11064.1; 50502.559; 17209.656; -32956.883; -65343.922; 690.51093; -48193.734; -101865.37; 669.62988; -9685.6279; -3831.2964; 30533.746; 12109.91; -17107.035; 4471.0005; 186338.89; -33534.813; -10675.188; 5327.2109; -5789.79; -21363.109; 25777.533; 20775.371; 9850.1729; -91653.195; -5308.9575; 7665.4795; 18331.035; 8665.5938; -22692.75; -39702.645]
[-0.0013270393; -55183.32; 50642.988; 757.48352; 306803.72; 10405.076; 149.19952; 3096.4204; 4227.936; 88563.797; 9184.6094; 135716; -91895.688; -51784.258; 74121.055; 119943.36; -931.96674; 0; 15132.085; -9591.9033; 48801.684; 21974.529; -35321.133; -62704.855; 549.63745; -52402.039; -102342.84; 5005.6089; -9107.123; -8125.0498; 32562.555; 12633.877; -20800.252; 4703.0952; 190877.81; -38672.074; -20967.129; 4918.4468; -5270.7739; -28538.123; 27830.016; 17086.682; 9385.9834; -89274.516; -3948.4841; 7547.1226; 18051.021; 8721.4551; -23472.174; -41061.152]
[-0.0013270393; -55934.973; 54470.555; 148.95636; 317129.63; 10249.513; 612.35449; 2856.0042; 682.42798; 89312.625; 10327.294; 142955.39; -96698.664; -55183.316; 74887.555; 119697.98; 110.30865; 0; 13010.765; -7132.5859; 46749.203; 32386.463; -36452.164; -56598.801; 76.210236; -57665.168; -96174.43; 7166.5269; -5669.0024; -15149.67; 33459.18; 13405.33; -22600.547; 2871.7402; 182893.16; -46164.352; -34661.672; 5057.5884; -4362.1416; -36378.523; 27912.574; 8839.8096; 9918.3008; -82599.766; -1630.5883; 7560.979; 16486.193; 8796.4082; -24171.922; -42569.188]
[-0.0013270393; -56362.066; 60080.035; 57.735027; 325723.06; 8929.3447; 3112.6841; 2808.6279; 358.53452; 94735.094; 10801.056; 146035.55; -92484.008; -60403.891; 70355.711; 118107.96; 4188.9009; 0; 15462.304; -3613.3157; 46828.301; 49406.746; -34071.168; -50134.789; 46.188019; -65075.457; -95514.516; 9627.2588; -6220.9492; -22522.434; 34808.445; 11597.965; -26538.426; 2052.4802; 175535.02; -49643.465; -58252.867; 4378.6245; -4130.918; -46618.137; 36611.512; 3155.219; 11087.436; -76680.773; -86.267029; 8760.7129; 14159.105; 7290.2705; -21727.998; -38510.418]
[-0.0013270393; -55270.293; 48424.086; 10.392304; 335586.5; 6012.5288; 4345.1709; 2771.8586; 0; 94867.891; 13821.816; 152451.06; -86997.453; -64186.203; 55243.422; 101313.42; 3309.2598; 0; 15738.075; -209.3036; 49596.699; 59784.043; -31973.658; -37005.844; 4304.7236; -71597.203; -73820.008; 9616.6523; -13786.547; -43196.77; 35813.613; 10956.619; -32749.65; 2195.6628; 155411.47; -56571.09; -69878.414; 4848.5874; -1899.9961; -44409.133; 45304.676; 81.406387; 2132.1548; -64531.594; -56.568542; 12174.008; 12531.346; 7737.8691; -25184.596; -35578.055]
[-0.0013270393; -46915.121; 34222.551; 0; 338613.63; 2649.5291; 16218.201; 2776.8083; 0; 98762.695; 14842.172; 153640.41; -81698.523; -75559.305; 29788.287; 84614.148; -64.34671; 4.9497476; 22669.137; -23.334524; 43252.195; 61431.801; -27522.285; -26726.699; 5805.834; -75498.938; -62622.297; 8626.7021; -17908.828; -58551.402; 36123.652; 10931.163; -35107.852; 1732.0508; 139954.11; -55688.316; -85697.805; 6245.1978; 13707.973; -48943.102; 64700.758; 0; -3752.7764; -48154.477; 0; 14556.154; 8801.3584; 9635.7432; -20591.773; -33463.219]
[-0.0013270393; -34713.992; 17797.877; 0; 341124.56; 0; 36990.168; 2752.0596; 0; 102397.11; 13428.664; 160477.97; -82776.438; -74521.984; 10145.568; 55901.938; 0; 701.44989; 35987.492; 0; 22402.922; 56553.766; -24833.566; -20075.047; 9328.8252; -77397.266; -50951.738; 6081.1182; -19245.393; -82954.836; 34344.832; 10474.373; -40228.719; 1564.0419; 121766.62; -50665.949; -86462.898; 8273.4297; 39562.625; -45473.328; 75976.984; 0; -7188.0107; -31451.73; 0; 9006.6641; 6499.7256; 12373.662; -18924.389; -31207.514]
[-0.0013270393; -22092.844; 13640.09; 0; 325014.56; 0; 40491.762; 2759.1306; 0; 101021.86; 9545.9414; 159740.69; -81838.82; -45153.012; 3594.2236; 29191.406; 0; 3346.7363; 57126.449; 0; 11093.208; 36587.262; -19456.125; -14971.847; 12162.461; -79320.422; -37645.543; 7095.8164; -15938.908; -108847.27; 28790.725; 8443.5615; -40848.852; 2842.2954; 99760.039; -42253.957; -77529.305; 8411.9932; 56389.645; -40162.25; 78987.289; 0; -7119.3062; -19283.5; 0; 14625.438; 4386.8906; 12671.354; -14236.88; -24163.84]
[-0.0013270393; -7312.8984; 11176.529; 0; 297572.44; 0; 37283.617; 2758.4236; 0; 91285.43; 7296.6353; 154747.77; -83698.469; -23999.91; 91.923882; 10928.663; 0; 7787.3667; 78481.781; 0; 2745.3005; 17383.439; -16063.617; -8359.4541; 15162.95; -76130.555; -18451.537; 8223.6514; -4708.8687; -130882.42; 21009.775; 7031.4697; -37518.379; 6901.0679; 65173.324; -35639.254; -64068.117; 8303.4512; 68614.813; -21323.512; 76100.531; 0; -7591.5786; -6117.6035; 0; 16742.004; 2482.6519; 7554.022; -11113.993; -19839.488]
[-0.0013270393; -1951.6146; 11254.312; 0; 288721.59; 0; 39789.605; 2782.4651; 0; 81796.672; 3940.7061; 160421.95; -85207.664; -9888.1807; 0; 4996.3892; 0; 11059.857; 110040.66; 0; 218.2384; 9160.8164; -14060.788; -3697.3511; 18224.639; -76369.008; -7779.2173; 9357.8506; -98.149544; -152717.23; 15515.711; 5634.9341; -36410.34; 20647.777; 38962.289; -29051.109; -53557.68; 8685.0801; 82898.367; -7236.5308; 80913.906; 0; -7395.8569; -1593.4867; 0; 17498.908; 2940.1499; 876.10529; -6368.1729; -12811.402]
[-0.0013270393; -94.752304; 13246.231; 0; 258618.64; 0; 36895.418; 2234.4573; 0; 69988.703; 2512.3506; 144044.27; -79825.602; -3745.5447; 0; 1017.8685; 0; 11897.071; 127118; 0; 25.980762; 4489.4756; -10791.254; -305.99564; 18575.09; -70127.273; -3162.7246; 8233.5508; -23.67136; -151238.63; 10616.894; 3920.2; -33683.031; 21053.654; 22986.627; -23823.203; -39388.676; 4065.7004; 89132.93; -1484.9242; 74502.43; 0; -5963.4507; -77.364937; 0; 16065.349; 3278.147; 17.67767; -4624.5757; -7558.0918]
[-0.0013270393; 0; 13457.656; 0; 231709.69; 0; 36999.363; 732.56262; 0; 55450.449; -3457.0454; 140082.5; -76299.148; -378.30212; 0; 0; 0; 14599.634; 144447.06; 0; 0; 1870.6149; -7233.6211; -50.229473; 18947.48; -72904.906; -1361.392; 8492.3525; -8.0829039; -153136.95; 6601.4229; 3045.5088; -29735.961; 15249.553; 13212.29; -19088.932; -25572.516; 1405.8479; 91786.703; -167.5843; 68347.875; 0; -6397.041; 0; 0; 17276.053; 3578.6672; 0; 53.692993; -5524.6646]
[-0.0013270393; 0; 13475.334; 0; 218079.5; 0; 37697.984; 50.204582; 0; 44103.789; -3919.4927; 134792.81; -73421.055; -58.689861; 0; 0; 0; 16858.84; 153981.69; 0; 0; 263.84906; -5150.542; -7.5055532; 18921.5; -71853.547; -327.93494; 6394.3667; 0; -157142.61; 2905.2266; 2734.3818; -26882.078; 9734.125; 7890.6045; -16448.709; -17267.547; 392.02081; 91651.641; -10.606602; 62274.73; 0; -7220.9199; 0; 0; 18745.408; 3809.1841; 0; 3408.6758; -4618.8022]
[-0.0013270393; 0; 13200.977; 0; 206923.48; 0; 38912.086; 34.648232; 0; 35198.734; -4097.6836; 129768.71; -71000.227; -28.284271; 0; 0; 0; 17174.916; 159570.66; 0; 0; 54.270924; -3226.8105; -11.547005; 18800.834; -72915.297; -68.127327; 8782.2656; 0; -156534.67; 989.57837; 2589.425; -25102.998; 7092.1704; 4758.1216; -14538.257; -14226.988; 43.87862; 90324.406; -25.455843; 63554.715; 0; -7866.3975; 0; 0; 18841.826; 4031.2156; 0; 4345.1382; -4319.1572]
[-0.0013270393; 0; 13210.876; 0; 203159.56; 0; 40564.594; 14.142136; 0; 32507.133; -4290.0171; 128574.17; -68733.547; -33.234016; 0; 0; 0; 17141.682; 161733; 0; 0; 20.784609; -2546.6919; -12.124355; 18659.383; -73323.484; -17.320507; 8526.293; 0; -156077.41; 163.39012; 2474.1665; -24853.389; 7063.8804; 2979.748; -13015.784; -12428.815; 46.188019; 89735.383; -27.577164; 64291.418; 0; -7629.6836; 0; 0; 19547.926; 4261.0254; 0; 6095.0869; -4010.8523]
[-0.0013270393; 0; 13299.264; 0; 205362.91; 0; 39475.648; 0; 0; 33253.641; -4367.0918; 130000.22; -68771.656; -19.79899; 0; 0; 0; 16946.521; 161059.83; 0; 0; 0; -2880.9778; -12.124355; 18798.525; -72784.234; -20.784609; 8935.708; 0; -156771.95; 83.71579; 2553.3625; -25052.086; 6531.5635; 2899.845; -13013.475; -13097.031; 27.712812; 90298.945; -32.526913; 63288.559; 0; -7398.166; 0; 0; 18299.693; 4152.1309; 0; 4745.2417; -4122.8579]
[-0.0013270393; 0; 13486.647; 0; 212465.78; 0; 41742.633; 29.698484; 0; 38874.148; -4338.1001; 133667.55; -70139.398; -47.376152; 0; 0; 0; 17002.383; 159299.84; 0; 0; 32.331615; -3453.7092; -11.547005; 18771.389; -71934.953; -61.199127; 6393.6592; 0; -158266.72; 737.85364; 2508.1077; -25416.246; 8784.3838; 4072.2278; -13546.369; -15076.931; 322.7388; 90603.008; -24.04163; 63496.398; 0; -8182.208; 0; 0; 19527.141; 3713.7249; 0; 5596.2554; -4210.0381]
[-0.0013270393; 0; 13534.023; 0; 228556; 0; 42091.238; 26.162951; 0; 47850.785; -4606.8008; 137747.69; -72824.078; -66.468033; 0; 0; 0; 15653.93; 157891.28; 0; 0; 641.43616; -3652.3179; -58.889725; 19082.58; -73893.906; -877.57239; 7379.3662; 0; -161106.7; 3308.217; 2784.5864; -28389.631; 12390.514; 8427.2988; -15799.768; -20716.107; 1298.4607; 92697.453; -84.145706; 68772.227; 0; -8519.3809; 0; 0; 19414.557; 3713.0176; 0; 4350.9102; -4749.2832]
[-0.0013270393; 0; 13522.71; 0; 251301.5; 0; 45125.434; 851.35657; 0; 62691.578; -3550.3833; 145647; -75408.875; -91.216774; 0; 0; 0; 14878.94; 151349.14; 0; 0; 1891.3994; -5390.1421; -99.881592; 19255.209; -73355.813; -2675.4412; 8526.293; -10.392304; -162996.95; 5817.9585; 2994.5972; -32228.512; 20684.15; 13586.35; -18140.922; -32188.914; 3972.7471; 93073.633; -566.39252; 80376.391; 0; -9056.8936; 0; 0; 19405.32; 3546.1404; 0; 2954.8784; -5707.1074]
[-0.0013270393; -482.24683; 12853.787; 0; 294259.66; 0; 50544.699; 2765.4946; 0; 80308.266; 1557.0488; 160630.39; -79954.352; -5485.0273; 0; 2168.5276; 0; 12696.81; 136569.89; 0; 58.312378; 7130.853; -8903.8955; -1291.5325; 19101.633; -76759.867; -6483.6436; 10196.479; -75.632881; -166807.47; 11925.747; 3384.2129; -38384.582; 27865.232; 26490.342; -22817.459; -48869.563; 11026.813; 91877.922; -4234.8623; 94944.094; 0; -10504.888; -393.75287; 0; 21182.404; 3273.1973; 124.45079; 1623.509; -7503.8218]
