[-0.0013270393; 0; 0; 0; 78545.422; 0; 4046.772; 0; 12181.513; 22517.816; 0; 31697.107; -24726.18; -1636.245; 13656.354; 33795.199; 1309.5618; 0; 8626.7021; 0; 2342.3086; 10802.224; 0; 90.066643; -6716.3154; 0; -40444.539; 1628.4669; -283.47897; 0; 3558.7871; 0; 0; 0; 38.890873; 0; 0; 8607.1377; -973.68604; 0; 31475.98; 450.91055; -33220.734; 0; 37646.363; 5861.8374; 0; 7059.0469; 8575.9609; 0]
[-0.0013270393; 0; 26.870058; 0; 84962.414; 0; 4614.5786; 0; 11841.453; 24440.391; 0; 34539.402; -26455.344; -1658.1654; 17004.504; 35767.426; 2481.2375; 0; 9616.6523; 0; 2848.0703; 12053.342; 0; 88.334587; -6911.46; 0; -45527.531; 2578.8184; -763.25702; 0; 3263.1836; 0; 0; 0; 1348.4526; 0; -26.870058; 10904.414; -1721.0979; -381.13055; 34407.766; 445.71439; -34275.551; 0; 37755.258; 5935.1606; 0; 10202.137; 11377.842; 0]
[-0.0013270393; 0; 0; 0; 79824.578; 0; 4665.4902; 0; 11428.648; 21782.848; 0; 31942.48; -25120.51; -1810.1934; 14385.38; 33412.414; 1496.2379; 0; 10748.022; 0; 2135.041; 10795.872; 0; 75.055534; -6944.9463; 0; -41975.672; 3532.7056; -300.22214; 0; 3092.8652; 0; 0; 0; 183.84776; 0; 0; 8916.0195; -953.88702; 0; 34417.578; 579.65967; -32669.365; 0; 37570.703; 6212.2891; 0; 7714.5347; 9286.1016; 0]
[-0.0013270393; 0; 0; 0; 74800.578; 0; 4250.4189; 0; 11138.241; 18892.633; 0; 29849.588; -23857.268; -1634.1238; 12073.141; 31715.582; 933.38092; 0; 11879.394; 0; 1776.5059; 10074.762; 0; 32.331615; -6619.3208; 0; -38135.141; 4803.3765; -160.50337; 0; 3060.5337; 0; 0; 0; 24.04163; 0; 0; 7250.9419; -672.45856; 0; 33728.227; 485.55157; -31545.84; 0; 37043.203; 5891.8599; 0; 5759.3848; 7380.2686; 0]
[-0.0013270393; 0; 0; 0; 80149.141; 0; 4514.1694; 0; 10470.824; 22327.289; 0; 31696.527; -25441.516; -1675.136; 15574.026; 32913.008; 1889.3893; 0; 10748.022; 0; 2240.1191; 10978.893; 0; 54.270924; -6868.1587; 0; -43034.535; 3663.5205; -460.72549; 0; 2673.709; 0; 0; 0; 585.48438; 0; 0; 9316.7012; -1208.4454; 0; 35234.531; 472.27252; -31861.65; 0; 35702.527; 5607.2256; 0; 8850.8555; 10194.851; 0]
[-0.0013270393; 0; 0; 0; 73594.969; 0; 4455.48; 0; 10788.366; 19231.537; 0; 29433.891; -23775.861; -1724.6334; 11921.82; 30796.439; 787.00983; 0; 11030.865; 0; 1535.75; 9533.7852; 0; 72.746132; -6698.4175; 0; -37870.137; 3903.9363; -90.066643; 0; 2921.9697; 0; 0; 0; 32.526913; 0; 0; 6791.9482; -504.87424; 0; 32469.602; 420.88834; -30712.148; 0; 36125.379; 5708.8394; 0; 5592.5073; 7304.6353; 0]
[-0.0013270393; 0; 13.435029; 0; 87309.297; 0; 4978.0317; 0; 10993.903; 26429.361; 0; 34748.98; -26760.184; -2034.3462; 18261.033; 35183.148; 2841.8621; 0; 8909.5449; 0; 3211.2227; 12572.379; 0; 87.179886; -7208.7954; 0; -47596.754; 1570.4841; -1029.4155; 0; 2779.3643; 0; 0; 0; 2077.4797; 0; -14.142136; 11673.445; -2158.0898; -890.95453; 34914.105; 514.99646; -33545.207; 0; 36640.859; 5548.9136; 0; 11503.92; 12633.578; 0]
[-0.0013270393; 0; 188.09039; 0; 104232.48; 0; 4665.4902; 0; 10977.161; 31632.441; 0; 41723.371; -29938.498; -3870.7024; 24965.111; 42662.145; 6468.6128; 0; 11313.708; 0; 7583.4941; 18696.91; 0; 89.489288; -6912.0371; 0; -58344.707; 4016.3662; -5443.2583; 0; 2960.0747; 0; 0; 0; 8676.9072; 0; -214.25336; 18437.682; -7481.1895; -6872.3706; 43875.734; 477.46866; -37984.449; 0; 36640.152; 7252.0967; 0; 20023.85; 19616.629; 0]
[-0.0013270393; 0; 0; 0; 79314.75; 0; 4543.8682; 0; 10928.086; 21874.07; 0; 31693.643; -24793.729; -1833.5278; 14441.241; 32736.914; 1782.6162; 0; 11030.865; 0; 2360.7852; 11114.57; 0; 65.240578; -6760.1943; 0; -41680.648; 3807.7698; -489.01566; 0; 2852.6877; 0; 0; 0; 178.1909; 0; 0; 8854.2441; -1348.4526; 0; 34592.52; 494.78918; -32053.91; 0; 36871.375; 5483.6729; 0; 7865.8555; 9413.1182; 0]
[-0.0013270393; 0; 0; 0; 78943.516; 0; 4661.248; 0; 11007.761; 22547.26; 0; 31593.184; -25163.811; -1922.6233; 14110.315; 32596.041; 1495.5308; 0; 12020.815; 0; 2025.3438; 10555.694; 0; 76.210236; -6977.8555; 0; -41788.035; 4691.6533; -302.53152; 0; 3162.7246; 0; 0; 1732.0508; 188.09039; 0; 0; 8497.4414; -963.7865; 0; 35377.137; 485.55157; -31886.477; 0; 36624.594; 5994.6279; 0; 7526.4443; 9229.5215; 0]
[-0.0013270393; 0; 0; 0; 79375.563; 0; 4612.4575; 0; 10865.155; 23263.174; 0; 31759.461; -24855.506; -1811.6074; 14606.704; 32745.574; 1776.9594; 0; 9475.2305; 0; 2483.7598; 11153.252; 0; 56.002975; -6823.1255; 0; -41689.309; 2252.8423; -480.35541; 0; 2822.0881; 0; 0; 692.82031; 184.55487; 0; 0; 8896.9678; -1342.7958; 0; 32811.969; 421.4657; -32035.434; 0; 36360.844; 5774.0801; 0; 7904.0396; 9502.0303; 0]
[-0.0013270393; 0; 0; 0; 74082.156; 0; 4735.4941; 0; 10807.996; 20900.656; 0; 29852.475; -23718.703; -1876.6614; 12046.271; 30380.748; 787.00983; 0; 10465.181; 0; 1557.1133; 9543.5996; 0; 73.323486; -6906.8413; 0; -38305.457; 3191.1729; -90.066643; 0; 2920.8149; 0; 0; 1154.7006; 28.991377; 0; 0; 6891.2529; -504.87424; 0; 31955.76; 448.0238; -30505.455; 0; 36417.414; 5541.4077; 0; 5723.3223; 7517.6777; 0]
[-0.0013270393; 0; 22.627417; 0; 89087.672; 0; 5019.0439; 0; 11099.559; 26876.23; 0; 35888.094; -27479.563; -2091.6218; 19143.502; 36151.363; 3254.8125; 0; 11596.551; 0; 3391.3555; 12971.905; 0; 103.92305; -7129.6982; 0; -48976.625; 4233.4482; -1282.8723; 0; 3004.5308; 0; 0; 1847.5209; 2790.9504; 0; -29.698484; 12479.426; -2430.3259; -1491.9952; 37940.57; 435.89944; -34218.973; 0; 36621.059; 5790.2456; 0; 12475.484; 13432.054; 0]
[-0.0013270393; 0; 16.970562; 0; 87539.813; 0; 4850.7524; 0; 11312.023; 26330.635; 0; 34982.809; -26742.287; -2157.3828; 18064.457; 35884.629; 2846.1047; 0; 12727.922; 0; 3394.2422; 12804.474; 0; 190.52559; -7145.8643; 0; -47276.328; 5393.8105; -1020.7552; 0; 3021.8513; 0; 0; 2771.2813; 2026.568; 0; -16.970562; 11853.578; -2144.6548; -893.78296; 38909.945; 546.75067; -34214.934; 0; 37014.211; 6126.2637; 0; 11248.654; 12447.672; 0]
[-0.0013270393; 0; 27.577164; 0; 89737.5; 0; 4699.4316; 0; 12231.742; 27069.645; 0; 36330.344; -27426.447; -1948.7863; 19010.566; 37718.293; 3247.7415; 0; 11596.551; 0; 3853.2363; 13605.836; 0; 107.9645; -7029.8169; 0; -48120.414; 4437.8018; -1279.4082; 0; 3267.2251; 0; 0; 1847.5209; 2723.0681; 0; -41.012192; 13021.557; -2476.2878; -1537.9573; 38717.684; 418.00159; -35610.961; 0; 37592.625; 6276.9521; 0; 12283.858; 13172.823; 0]
[-0.0013270393; 0; 26.870058; 0; 94164; 0; 4048.8933; 0; 13617.961; 28999.15; 0; 38450.375; -27913.152; -3118.3408; 19922.025; 40205.516; 3828.9832; 0; 11879.394; 0; 5346.8398; 15463.749; 0; 781.73224; -7018.2695; 0; -49765.281; 4689.5322; -1827.8909; 0; 3819.7493; 0; 0; 2078.4609; 3331.1799; 0; -26.870058; 14742.639; -3343.2007; -2035.0532; 40681.828; 208.42345; -37655.359; 0; 37945.469; 6607.1963; 0; 13487.354; 14431.447; 0]
[-0.0013270393; 0; 49.497475; 0; 105228.8; 0; 2672.8635; 0; 15512.824; 33147.988; 0; 43357.848; -28711.629; -6034.4492; 22739.846; 47073.676; 5882.4214; 0; 9758.0732; 0; 9898.6699; 21199.146; 0; 1408.1572; -6461.7041; 0; -53788.836; 2866.6108; -5517.1592; 0; 5138.9946; 0; 0; 923.76044; 7246.4302; 0; -71.417786; 20214.188; -7459.9766; -5623.6201; 43690.98; 81.983734; -42882.113; 0; 37596.867; 9059.2031; 0; 18495.791; 18673.24; 0]
[-0.0013270393; 0; 27.577164; 0; 94972.219; 0; 1538.6643; 0; 22089.998; 28007.84; 0; 39999.98; -25796.01; -6470.7339; 17643.021; 48334.031; 3981.0112; 0; 12162.236; 0; 8625.0352; 19611.434; 0; 3537.425; -5302.9619; 0; -43402.883; 6127.7871; -2753.9607; 0; 7506.1309; 0; 0; 1962.9908; 2687.0056; 0; -30.405592; 18118.982; -4779.3345; -1569.0699; 43677.703; 57.157677; -45092.211; 0; 39855.367; 11202.327; 0; 12240.726; 13301.572; 0]
[-0.0013270393; 0; 0; 0; 82515.828; 0; 453.25543; 0; 27584.063; 23048.4; 0; 35814.191; -19948.029; -9067.9365; 11415.532; 44698.457; 2159.5042; 0; 11879.394; 0; 9283.792; 19478.643; 0; 6133.1919; -2757.4248; 0; -31044.125; 6361.1323; -1714.153; -2.8867512; 9886.5459; 0; -4.2426405; 2193.9309; 41.012192; -46.188019; 0; 18414.01; -3756.1511; 0; 42110.195; 0.57735026; -43503.34; 16.165808; 39349.785; 9918.877; 0; 7134.7075; 8614.6436; 0]
[-0.0013270393; 0; 32.526913; 0; 96441.578; -12.727921; 7688.3721; 0; 34807.871; 27143.545; 0; 42561.105; -14585.6; -21204.719; 8922.9805; 50899.777; 3092.885; 0; 13010.765; 0; 13771.535; 28931.6; 0; 9870.3799; -881.0365; 0; -31017.566; 7495.3315; -5630.3198; -364.88538; 11990.987; 0; -4.9497476; 1732.0508; 2224.5579; -2699.6897; -38.183765; 31019.297; -6276.2798; -1103.7937; 55593.055; 0; -49749.695; 1426.6324; 40747.734; 9127.9072; 0; 12392.046; 13246.147; 0]
[-0.0013270393; 0; 2.1213202; 0; 96806.453; -506.28845; 15706.256; 0; 39507.5; 27091.584; 0; 44106.672; -8409.1064; -29580.398; -2154.5547; 51148.035; 1245.215; 0; 10465.181; 0; 13384.133; 31343.191; 0; 15322.299; -217.66104; 0; -24039.133; 5013.3872; -5660.9194; -911.63605; 13566.576; 0; -719.12756; 692.82031; 1176.6256; -5269.4756; -6.3639607; 42984.883; -5366.2334; -325.2691; 65054.672; 0; -52225.949; 1703.7606; 42982.898; 11746.768; 0; 10975.711; 12274.467; 0]
[-0.0013270393; 0; 9.1923876; 0; 101800.75; -1571.8983; 27209.469; 0; 41430.656; 29172.354; 0; 47250.922; -2227.4172; -35712.426; -9389.6709; 48168.91; 89.802559; -10.606602; 11455.13; 0; 13165.318; 34279.594; 0; 21432.975; 0; 0; -19703.809; 6530.8379; -8025.1685; -2077.8835; 13808.486; 0; -1629.174; 1154.7006; 3374.3135; -5293.7246; -60.104076; 51081.641; -4043.9436; -2242.2356; 84894.734; 0; -55787.047; 2255.1301; 42982.191; 12678.612; 0; 13850.808; 14759.382; 0]
[-0.0013270393; 0; 0; 0; 102478.86; -3094.2993; 36114.77; 0; 43740.055; 29108.268; 0; 47526.316; -313.50119; -34151.844; -12920.255; 40371.219; 0; -64.346718; 12586.501; 0; 9960.4463; 29237.594; 0; 17306.65; 0; 0; -14533.639; 13796.36; -6955.916; -6017.1445; 14037.117; 0; -1722.5121; 1847.5209; 2361.7366; -5220.9785; -28.284271; 49303.98; -1466.5394; -1290.4698; 95543.383; 0; -56208.512; 2152.9392; 45045.531; 10686.176; 0; 12370.126; 13470.736; 0]
[-0.0013270393; 0; 0; 0; 109453.05; -4760.9497; 47601.719; 0; 43924.23; 31418.248; 0; 50207.531; -8.0829039; -29733.84; -13216.532; 27542.494; 0; -1557.0491; 13717.871; 0; 6371.6372; 24865.32; 0; 9302.8447; 0; 0; -12900.892; 22562.363; -7667.2114; -10940.21; 14402.579; 0; -2004.6477; 2771.2813; 3795.042; -5211.1636; -75.660423; 43864.184; -352.84628; -2553.3625; 104656.87; 0; -58675.531; 1855.0264; 45974.668; 11251.979; 0; 14544.479; 15364.445; 0]
[-0.0013270393; 0; 0; 0; 110557.55; -5912.1196; 55244.836; 0; 39222.867; 32222.494; 0; 50905.551; 0; -20221.84; -12912.477; 13684.934; 0; -3803.5273; 12648.019; 0; 2452.584; 18379.367; 0; 4058.1951; 0; 0; -10479.484; 35524.336; -6524.0581; -16446.977; 14295.192; 0; -1377.444; 4954.8198; 3856.5603; -5194.4204; -74.246208; 30969.066; -41.719299; -3164.3027; 105852.55; 0; -58977.484; 1450.3038; 45203.922; 12575.844; 0; 14469.525; 16438.316; 0]
[-0.0013270393; 0; 0; 0; 106500.18; -5229.0547; 55614.656; 0; 30227.75; 31960.957; 0; 48343.848; 0; -9987.8828; -10141.325; 5222.1333; 0; -704.27832; 13209.462; 0; 77.364937; 12083.94; 0; 415.6922; 0; 0; -7720.9048; 47506.262; -4801.8223; -20771.908; 12225.969; 0; -1001.2632; 11081.084; 2925.3008; -3415.0269; -48.790367; 19115.488; 0; -2462.1458; 99378.727; 0; -54984.527; 572.73145; 41114.016; 15689.493; 0; 12419.623; 16739.693; 0]
[-0.0013270393; 0; 0; 0; 109364.67; -5448.2578; 57209.887; 0; 19263.291; 32964.965; -22.627417; 49843.227; 0; -2986.8191; -8234.9658; 506.33618; 0; -12.727921; 17354.521; 0; 13.279056; 6061.0229; 0; 47.34272; 0; -3.4641016; -4652.8657; 51934.871; -3002.7986; -25992.309; 12676.88; 0; -154.14928; 22312.855; 1911.3096; -83.138435; -65.053825; 16119.619; 0; -1881.6111; 99127; 0; -56362.664; 15.588457; 38429.84; 20529.42; 0; 10226.885; 18127.066; 0]
[-0.0013270393; 0; 0; 0; 102400.38; -4753.1719; 55208.066; 0; 10474.866; 31274.486; -43.840618; 48149.281; 0; -68.589355; -2095.8645; 0; 0; 0; 29570.498; 0; 0; 1817.4987; 0; 0; 0; -20.784609; -2364.2493; 58000.434; -1331.947; -27873.893; 12152.068; 0; -21.920309; 34890.43; 571.34229; 0; -49.497475; 12022.742; 0; -579.82758; 98737.859; 0; -54868.48; 0; 32260.332; 21364.846; 0; 6903.4834; 16899.619; 0]
[-0.0013270393; 0; 0; 0; 97418.805; -3590.6882; 55700.922; 0; 6489.9941; 29130.787; -2023.0325; 48187.383; 0; -50.204582; -43.840618; 0; 0; 0; 42413.68; 0; 0; 107.9645; 0; 0; 0; -30.599564; -850.43695; 58059.121; -384.51526; -29355.373; 11763.512; 0; -7.0710678; 38016.207; 52.325901; 0; -31.112698; 11551.624; 0; -81.317276; 96123.047; 0; -54761.094; 0; 25619.186; 22310.547; 0; 4470.3291; 17273.166; 0]
[-0.0013270393; 0; 0; 0; 92763.922; -2435.9829; 56013.461; 0; 4150.5708; 24860.703; -3209.5576; 48786.098; 0; -21.213203; -21.213203; 0; 0; 0; 52641.27; 0; 0; 43.30127; 0; 0; 0; -413.96014; -164.54483; 58568.945; -116.62476; -30493.332; 11560.284; 0; 0; 37274.309; 45.961941; 0; -45.961941; 11175.192; 0; -47.376152; 95758.156; 0; -54699.316; 0; 19899.398; 23447.35; 0; 2969.8484; 18257.547; 0]
[-0.0013270393; 0; 0; 0; 92010.852; -1670.8933; 58105.086; 0; 2584.2197; 20574.453; -5421.3877; 50293.559; 0; 0; -7.0710678; 0; 0; 0; 57737.391; 0; 0; 0; 0; 0; 0; -1068.098; -11.547005; 56271.559; -62.931179; -32522.141; 11103.601; 0; 0; 33610.445; 31.819805; 0; -55.861435; 11776.791; 0; -38.183765; 94020.922; 0; -55750.094; 0; 15279.163; 25768.297; 0; 2396.3848; 20610.826; 0]
[-0.0013270393; 0; 0; 0; 87870.75; -926.30988; 56590.461; 0; 1530.5555; 18112.053; -6109.4023; 49064.379; 0; 0; -7.7781744; 0; 0; 0; 59446.465; 0; 0; 0; 0; 0; 0; -1319.8226; -20.784609; 53933.863; -30.599564; -32418.217; 10314.362; 0; 0; 32036.588; 14.849242; 0; -132.22897; 11947.687; 0; -23.334524; 91579.297; 0; -53436.074; 0; 12184.864; 25863.559; 0; 1943.8365; 20958.969; 0]
[-0.0013270393; 0; 0; 0; 89912.164; -564.27118; 58049.93; 0; 1525.9368; 17589.553; -6449.521; 50020.473; 0; 0; -9.1923876; 0; 0; 0; 61416.465; 0; 0; 0; 0; 0; 0; -1572.7021; -13.856406; 55001.594; -32.331615; -33332.164; 10265.288; 0; 0; 32141.09; 24.748737; 0; -327.39044; 12291.787; 0; -26.870058; 94070.563; 0; -53452.242; 0; 12015.865; 26832.354; 0; 1968.5852; 21913.328; 0]
[-0.0013270393; 0; 0; 0; 88203.086; -1011.8698; 56741.074; 0; 1647.7577; 18178.451; -6124.252; 49194.285; 0; 0; -4.2426405; 0; 0; 0; 61121.602; 0; 0; 0; 0; 0; 0; -1326.7509; -17.897858; 55800.625; -48.497421; -32433.805; 10291.269; 0; 0; 33332.164; 45.254833; 0; -132.93607; 11943.067; 0; -38.890873; 93716.063; 0; -53381.227; 0; 12253.453; 25885.498; 0; 2055.5593; 20976.289; 0]
[-0.0013270393; 0; 0; 0; 93664.07; -1066.317; 58420.453; 0; 2711.8142; 22173.715; -5227.6401; 50451.176; 0; 0; -7.0710678; 0; 0; 0; 58414.797; 0; 0; 0; 0; 0; 0; -1167.4022; -95.262794; 55007.957; -178.40123; -34281.328; 9719.6914; 0; 0; 33703.977; 37.476658; 0; -399.51532; 12847.198; 0; -36.062447; 96429.625; 0; -53860.43; 0; 14062.939; 27330.029; 0; 2708.219; 21943.352; 0]
[-0.0013270393; 0; 0; 0; 95249.406; -1465.1252; 57122.914; 0; 2885.0193; 26350.268; -3792.2136; 49298.207; 0; 0; -19.79899; 0; 0; 0; 54774.613; 0; 0; 0; 0; 0; 0; -978.03131; -138.56406; 53427.574; -182.44269; -34645.633; 8982.415; 0; 0; 36162.332; 42.426407; 0; -976.51447; 13785.393; 0; -48.08326; 96406.516; 0; -52171.68; 0; 15159.662; 27693.76; 0; 3739.1807; 22543.795; 0]
[-0.0013270393; 0; 0; 0; 99083.336; -1624.2242; 56849.969; 0; 2980.282; 30472.547; -2802.2642; 48959.879; 0; -24.748737; -9.8994951; 0; 0; 0; 48074.773; 0; 0; 59.467075; 0; 0; 0; -547.9054; -1173.1758; 48780.469; -778.84552; -35811.305; 7807.5073; 0; -4.2426405; 36094.207; 202.93964; 0; -1500.4806; 15493.194; 0; -247.48737; 95360.367; 0; -50790.078; 0; 16317.903; 29142.908; 0; 6086.0679; 24099.754; 0]
[-0.0013270393; 0; 2.8284271; 0; 100317.23; -1755.0389; 55196.047; 0; 3236.6255; 33615.641; -1233.1942; 47645.25; 0; -38.183765; -14.849242; 0; 0; 0; 43904.965; 0; 0; 123.55296; 0; 0; 0; -234.98155; -1899.4823; 46357.211; -1499.3787; -36304.363; 6447.8477; 0; -11.313708; 36709.086; 750.94739; 0; -2432.4473; 16755.281; 0; -926.30988; 96359.18; 0; -48362.32; 0; 17272.496; 30164.818; 0; 8100.6152; 25292.561; 0]
[-0.0013270393; 0; 2.8284271; 0; 107570.03; -2504.5723; 57666.68; 0; 3487.1956; 37289.898; -142.12846; 49353.055; 0; -62.932503; -25.455843; 0; 0; 0; 38120.832; 0; 0; 674.34509; 0; 0; 0; -114.31535; -3466.9883; 43654.652; -2937.5581; -38480.395; 6216.3301; 0; -8.485281; 36723.52; 2387.8997; 0; -4657.0054; 18319.9; 0; -2639.6296; 97227.516; 0; -47355.422; 0; 19608.07; 32702.273; 0; 10831.462; 28343.279; 0]
[-0.0013270393; 0; 0; 0; 106080.16; -2451.5391; 55197.461; 0; 3783.9536; 35758.766; -62.932503; 47214.551; 0; -70.710678; -16.263456; 0; 0; 0; 31845.26; 0; 0; 1555.959; 0; 0; 0; -31.176914; -4708.2915; 41202.406; -4184.0571; -36798.574; 5215.7822; 0; -23.334524; 32891.645; 4153.5449; 0; -5856.9653; 18793.904; 0; -4400.3252; 94708.539; 0; -44604.926; 0; 20269.215; 31731.748; 0; 12336.185; 28322.494; 0]
[-0.0013270393; 0; 0; 0; 82624.016; -2967.02; 42880.367; 0; 4738.8911; 25166.699; -33.234016; 37166.344; 0; -57.27565; -652.65955; 0; 0; 0; 20906.318; 0; 0; 907.01727; 0; 0; 0; -31.176914; -3308.7944; 36258.313; -2488.3796; -27376.217; 6163.7915; 0; -21.920309; 23117.682; 1725.3406; 0; -108.89444; 14530.174; 0; -1667.3578; 74814.781; 0; -40195.125; 0; 21723.734; 22805.336; 0; 8828.9355; 19151.863; 0]
[-0.0013270393; 0; 0; 0; 112323.91; -2740.0388; 57299.691; 0; 6874.5098; 37035.867; -12.020815; 48911.383; 0; -3128.2402; -2101.5212; 938.19415; 0; 0; 18207.293; 0; 23.67136; 5891.2822; 0; 0; 0; -13.279056; -10851.298; 33475.141; -9682.1641; -35043.43; 5950.1719; 0; -1359.0592; 20157.607; 9403.8125; -76.210236; -10678.02; 20869.479; 0; -9736.8604; 90372.633; 0; -41070.965; 23.094009; 20947.33; 30902.672; 0; 18498.621; 33090.254; 0]
[-0.0013270393; 0; 0; 0; 110814.95; -2466.3884; 56471.668; 0; 9824.7695; 36618.441; -7.0710678; 47865.801; 0; -6370.3247; -3027.124; 2936.9807; 0; 0; 15781.209; 0; 28.867514; 9705.835; 0; 0; 0; -6.9282031; -15145.629; 30026.582; -13766.917; -32264.064; 5237.144; 0; -2382.2427; 11876.672; 13718.578; -174.93713; -12433.059; 21256.305; 0; -13810.502; 88076.516; 0; -37574.531; 660.48871; 18346.592; 27959.918; 0; 21775.354; 34018.055; 0]
[-0.0013270393; 0; 0; 0; 111662.77; -2456.489; 56821.688; 0; 12020.433; 36790.492; 0; 48310.938; 0; -10563.468; -2609.9312; 5567.3887; 0; -21.213203; 16035.768; 0; 198.60849; 14253.046; 0; -35.795715; 0; -45.610672; -19731.521; 27394.73; -18468.857; -29050.533; 5516.0044; 0; -3280.9753; 8007.2705; 19457.457; -136.25465; -16059.809; 21169.701; 0; -19444.729; 86129.688; 0; -34678.543; 1416.8175; 16262.749; 24212.338; 0; 23982.939; 35750.105; 0]
[-0.0013270393; -2.1213202; 10.606602; 0; 108170.37; -1593.1116; 53388.684; 0; 9310.9277; 35865; 0; 46106.613; 0; -16953.592; -1286.2273; 9541.29; 0; -703.57123; 14902.275; 0; 1716.4623; 21270.16; 0; -643.16821; 0; -56.002975; -24973.863; 17283.104; -22813.418; -22491.834; 4237.1733; 0; -3999.396; 2871.1628; 25557.668; -344.10077; -19155.521; 21594.055; -150.61374; -25516.654; 80294.992; 0; -28733.568; 2245.3152; 12328.406; 18120.717; 0; 26621.156; 34854.059; 0]
[-0.0013270393; -9.1923876; 144.24979; 0; 98569.977; -1357.645; 45027.852; 0; 7093.9028; 32596.041; 0; 41141.402; 0; -27981.629; 193.04015; 17460.227; 0; -15.556349; 15132.085; 0; 5269.4756; 28043.635; 0; -247.10593; 0; -72.746132; -28945.455; 9808.9854; -26907.408; -13862.757; 2771.8586; 0; -4140.8174; 2078.4609; 29458.068; -2294.3899; -19571.301; 24073.773; -1780.4949; -29001.277; 71727.109; 0; -23361.9; 2561.1257; 9377.6504; 12174.007; 0; 25939.504; 32436.693; 0]
[-0.0013270393; -334.46149; 2103.6426; 0; 117688.02; -255.97266; 44363.172; 0; 6502.1187; 40942.215; 0; 48292.461; -31.176914; -39781.828; 2191.3237; 30554.531; 84.852814; 0; 13010.765; 0; 13057.932; 38805.441; 0; -2407.5503; 0; -3203.7166; -39763.844; 7507.3525; -31055.67; -12464.992; 1592.9093; 0; -5118.7461; 923.76044; 41934.262; -3945.0344; -31245.635; 22976.809; -5660.3896; -40644.496; 74123.688; 0; -21297.873; 851.59155; 8741.2539; 11286.043; 0; 23321.088; 33188.402; -1.1547005]
[-0.0013270393; -4195.9717; 6887.2197; 0; 113670.24; 0; 25841.217; 0; 3790.3044; 40184.73; 0; 46405.684; -295.02597; -41314.129; 7175.0122; 38897.242; 307.59143; 0; 15414.928; 0; 21541.516; 44775.246; 0; -6757.8848; 0; -8598.4775; -44907.457; 9903.7373; -26737.09; -5707.6846; 532.31696; 0; -8560.9414; 1962.9908; 47337.969; -79.674339; -38188.719; 15617.902; -11546.347; -44474.895; 65569.672; 0; -14107.554; -6450.7344; 5154.8081; 10359.396; 0; 17278.861; 27321.369; -627.00238]
[-0.0013270393; -11935.255; 14456.091; 0; 103907.92; 0; 12666.403; 205.76807; 1620.6222; 36646.73; 0; 42418.504; -954.35999; -30534.285; 19579.08; 48674.09; 1365.4232; 0; 15132.085; 0; 26821.383; 41523.031; 0; -13031.95; 0; -14457.428; -49342.664; 9616.6523; -18638.598; -3763.1692; 1789.2085; 0; -10514.678; 2203.1685; 46814.711; -9.2376041; -41666.973; 8233.0146; -16879.346; -42255.992; 44306.438; 0; -7388.9287; -14677.976; 2515.1787; 7110.6455; 0; 10229.714; 19534.646; -1116.5955]
[-0.0013270393; -22942.08; 24410.74; 0; 95493.352; 1062.7815; 3536.241; 27.577164; 0; 33673.379; 0; 38985; -3871.1333; -21849.6; 25897.078; 56524.32; 1574.0198; 0; 14142.136; -2540.6345; 30570.697; 34091.379; 0; -15800.344; 0; -22255.697; -50609.941; 8626.7021; -9265.8945; -693.97504; 7490.5425; 0; -11180.772; 1767.8464; 47746.676; -30.022213; -41444.234; 714.18225; -11631.199; -33272.91; 26406.268; 0; -521.34729; -27834.635; 0; 7297.707; 0; 2495.3799; 10552.808; -1313.4718]
[-0.0013270393; -28376.902; 29405.742; 0; 95435.375; 2904.0874; 67.17514; 7.0710678; 0; 33795.777; 24.04163; 38932.461; -10325.332; -13280.879; 34226.797; 64275.25; -678.82245; 0; 11596.551; -4593.3657; 32723.059; 25369.348; -572.15411; -19364.904; 0; -25709.406; -44266.602; 6081.1182; -3000.4893; -50.229473; 11744.459; 0; -9101.8779; 977.45398; 48887.242; -2286.8843; -27752.527; 0; -8396.8926; -22072.338; 14367.361; 53.116222; -1064.6339; -35195.848; 0; 6888.9434; 622.25397; 21.920309; 4046.0706; -70.436737]
[-0.0013270393; -26244.975; 30626.209; 0; 92862.922; 4926.4131; 0; 0; 0; 30314.932; 322.44067; 37839.535; -17113.24; -4944.0903; 39553.43; 62200.828; -729.73419; 0; 12586.501; -5184.5068; 27371.023; 12137.635; -4821.4521; -24089.939; 0; -21666.223; -37006.422; 7071.0679; -899.51166; 0; 11524.489; 19.091883; -5610.1851; 1763.8052; 51220.695; -4729.0757; -7742.8203; 0; -2874.3889; -12640.24; 9678.7002; 480.35544; 1688.7494; -38036.988; -38.183765; 3214.6863; 5628.5698; 5.6568542; -3790.8818; -245.95122]
[-0.0013270393; -20260.023; 26184.871; 20.784609; 86174.391; 6484.876; 0; 0; 226.89865; 22913.877; 30.405592; 34810.18; -24755.625; -970.8576; 33470.191; 47133.719; -735.39105; 0; 13717.871; -6251.5308; 21010.932; -171.47266; -12044.104; -30227.75; 0; -15900.226; -26887.777; 8188.2964; -2657.5432; 0; 8601.9414; 305.47012; -2772.5657; 2654.6565; 53420.504; -4859.5571; 10501.95; 0; -156.97771; -3343.908; 10280.299; 4943.2729; 4662.1035; -38865.488; -2373.7573; 713.60492; 10589.631; 0; -12611.062; -3260.2971]
[-0.0013270393; -10919.143; 16336.995; 883.92322; 74251.867; 7723.7271; 0; 0; 97.572189; 17124.785; 19.091883; 30616.885; -29998.543; -111.01576; 23087.035; 33699.355; -752.36157; 0; 14849.242; -9125.2129; 15624.83; -10198.893; -12976.524; -35052.668; 0; -9634.8213; -21057.119; 9297.04; -3779.3347; 0; 4351.4893; 5453.2075; -120.20815; 3310.5264; 57310.297; -1800.1777; 20452.355; 0; -8.485281; 1547.8568; 11438.463; 11508.322; 6777.5146; -35206.82; -7167.9414; 56.002975; 10404.369; 0; -16918.094; -11108.797]
[-0.0013270393; -4687.4106; 7414.7217; -790.39258; 55698.801; 7561.0928; 0; 238.29498; 32.908966; 9260.6982; 0; 23528.178; -31575.863; 0; 12867.929; 20274.809; -16.970562; 0; 13914.447; -6161.0215; 8333.4727; -15302.669; -10927.509; -33539.43; 741.31775; -6183.999; -10232.956; 8202.4385; -5699.0244; -687.04681; 435.32208; 5083.3906; -11.313708; 1878.6978; 56371.262; 409.9187; 19870.408; 0; 0; 2367.3933; 10854.185; 17309.539; 7966.2793; -27617.549; -11457.958; 0; 9359.2656; 78.488853; -16034.749; -13986.311]
[-0.0013270393; -3097.8347; 3772.4146; -2660.4302; 44243.672; 6395.0737; 0; 1471.4891; 596.40283; 3854.9678; 0; 19241.352; -30857.063; 0; 7715.2422; 14577.517; -0.70710677; 0; 14978.643; -3326.2305; 3543.1982; -18191.73; -9716.2275; -29659.637; 2509.7415; -4779.3057; -5254.4648; 8485.2813; -8866.9443; -1178.9492; 61.199131; 4684.5825; 0; 2078.4609; 55038.363; -99.30426; 16658.021; 0; 0; 2422.5479; 10623.245; 20774.793; 8067.8926; -23359.016; -13252.595; 0; 8513.5654; 686.60065; -15386.962; -12870.292]
[-0.0013270393; -2621.2446; 1769.8882; -4193.8721; 36749.047; 5059.3491; 0; 1777.6664; 700.32587; 1056.5509; 0; 16447.555; -29667.143; 0; 4867.7231; 11522.179; 0; 0; 12911.77; -1584.6262; 1672.5835; -18870.115; -8480.1201; -27140.658; 3419.6455; -4226.2041; -2998.1799; 6363.9609; -9520.5059; -1151.2365; 24.826063; 4385.4761; 0; 923.76044; 51314.031; 93.530739; 13913.74; 0; 0; 2444.468; 8429.3135; 22214.129; 6287.3442; -20462.449; -13941.317; 0; 7539.8794; 2294.5615; -14411.24; -11846.072]
[-0.0013270393; -2838.3267; 2041.4172; -4131.5186; 36275.992; 5057.2275; 0; 1823.6284; 699.74854; -276.5509; 0; 16886.918; -30270.475; 0; 4688.1177; 10235.843; -3.5355339; 0; 15315.933; -733.97675; 1114.2861; -17663.455; -8870.9863; -26945.514; 3475.0713; -4225.0493; -2083.6572; 8768.124; -8702.9785; -1243.0352; 12.701706; 4682.4609; 0; 1962.9908; 49276.859; -454.37466; 13306.335; 0; 0; 2438.8113; 11085.125; 21285.75; 7222.6514; -19423.217; -13973.844; 0; 7592.9126; 2291.7332; -14776.702; -12816.021]
[-0.0013270393; -2645.2864; 1629.8811; -4112.4658; 34900.672; 4733.3726; 0; 1701.2988; 657.0246; 72.168579; 0; 15854.615; -29406.758; 0; 4511.3413; 10277.989; -0.70710677; 0; 15028.848; -711.34943; 1127.5654; -17888.043; -8378.5068; -25906.861; 3301.8662; -4229.0908; -2010.3336; 8485.2813; -8890.6162; -1150.0817; 24.826063; 4401.7397; 0; 2193.9309; 48530.152; -21.361961; 13115.416; 0; 0; 2440.2253; 10738.715; 21570.383; 6062.1777; -19300.818; -13983.743; 0; 7363.103; 2273.3481; -14213.786; -11870.321]
[-0.0013270393; -2769.03; 2426.7905; -3832.4509; 38881.68; 5643.4189; 0; 1854.7411; 735.54425; 1304.2341; 0; 17261.617; -30261.236; 0; 5533.8174; 12113.963; -2.8284271; 0; 15455.233; -1959.3928; 2017.2622; -18810.648; -9004.9316; -27980.703; 3232.0068; -4335.9009; -3402.3252; 8909.5449; -9500.876; -1144.8856; 26.558111; 4519.1191; 0; 1732.0508; 52550.762; 77.942291; 14743.883; 0; 0; 2433.8616; 10623.245; 22054.781; 7200.1348; -21155.846; -13853.636; 0; 8010.8125; 1863.2263; -14979.93; -12289.478]
[-0.0013270393; -3225.114; 3346.7363; -2994.7156; 41008.656; 5713.4229; 0; 1333.6034; 665.68488; 2695.0713; 0; 17639.783; -30447.721; 0; 6787.5181; 13123.748; -4.2426405; 0; 12907.527; -2503.8652; 2682.3696; -18314.705; -9556.8789; -28034.396; 2429.49; -4520.6523; -4173.0879; 6363.9609; -8891.7715; -1096.3882; 32.908966; 4516.998; 0; 692.82031; 53247.969; 31.17688; 15854.747; 0; 0; 2421.1335; 7851.9634; 21323.855; 7460.5205; -22232.027; -13553.115; 0; 8548.9209; 1030.9617; -15359.826; -12240.402]
[-0.0013270393; -3761.8081; 4361.4346; -2775.8999; 46196.699; 5987.0732; 0; 1330.7749; 548.48273; 3202.5625; 0; 21046.148; -32052.178; 0; 7706.0498; 13772.113; 0; 0; 13865.656; -3037.7307; 3360.1782; -17088.414; -10507.774; -30817.803; 2512.051; -4569.7275; -5280.4453; 7353.9102; -8309.8027; -1323.8641; 128.74911; 5360.5767; 0; 1154.7006; 55374.238; -1756.2996; 16430.332; 0; 0; 2411.9412; 8775.7236; 19984.402; 8415.457; -23387.881; -13460.484; 0; 8821.1572; 757.31134; -16080.937; -15254.172]
[-0.0013270393; -4207.9922; 5757.2632; -2348.0837; 48878.758; 6733.7778; 0; 1047.9323; 591.20667; 5344.5313; 0; 21503.41; -30919.992; 0; 9553.7197; 16449.863; 0; 0; 14891.668; -4737.6152; 5076.063; -15712.587; -10728.322; -31727.129; 1896.0183; -5005.0493; -6842.1777; 8485.2813; -6627.981; -1118.3274; 267.8905; 5139.252; 0; 1847.5209; 54836.836; -159.92603; 17703.125; 0; 0; 2396.3848; 10045.895; 18213.668; 8309.2246; -24838.186; -12925.912; 0; 9016.3184; 245.36604; -15592.498; -14261.706]
[-0.0013270393; -6740.8486; 9074.3008; -1403.5383; 57718.297; 7553.3145; 0; 299.10617; 442.25031; 9052.8525; 0; 25419; -31642.836; 0; 13620.998; 20831.951; -7.7781744; 0; 15311.69; -6167.3853; 7925.2866; -13407.228; -12041.217; -34009.973; 974.56726; -5894.7461; -10714.466; 9616.6523; -5080.105; -935.30743; 1221.0958; 5444.7222; -20.506096; 2777.6321; 56455.406; -1272.48; 19321.693; 0; 0; 2375.8787; 11200.595; 14401.426; 8666.0273; -27536.721; -11511.698; 0; 9287.8477; 101.11626; -15847.688; -15322.875]
[-0.0013270393; -9399.5703; 13419.473; -480.93274; 67108.68; 8206.6816; 0; 311.83408; 23.67136; 11568.945; 25.455843; 30783.738; -31921.695; -95.459412; 18500.035; 24872.25; -229.80969; 0; 14028.291; -6753.5767; 10958.107; -9303.999; -13655.488; -34738.586; 739.0083; -7170.6899; -14027.302; 8485.2813; -2937.5581; -555.98828; 3096.3296; 6048.5913; -15.556349; 2038.6238; 55015.734; -3878.6389; 19399.475; 0; -2.8284271; 2291.0259; 10623.245; 8503.792; 8778.6104; -29233.553; -8490.2314; 22.516661; 9790.6006; 60.811184; -16319.96; -16597.088]
[-0.0013270393; -12632.462; 18171.23; 203.80469; 71694.266; 8601.9541; 0; 86.974136; 11.547005; 12830.455; 75.660423; 34744.938; -31047.588; -272.23611; 22939.957; 28677.564; -508.40976; 0; 14308.306; -5464.521; 12455.178; -3482.5769; -13744.4; -31040.082; 340.0593; -9409.0771; -14447.035; 8768.124; -513.84174; -221.12515; 5669.5796; 6132.7368; -579.82758; 2215.293; 50725.012; -7401.0537; 16402.047; 0; -7.7781744; 1359.0592; 10398.078; 2148.8977; 8337.5146; -28710.475; -6002.6294; 43.87862; 8949.1436; 61.518288; -15642.15; -16781.84]
[-0.0013270393; -18301.338; 21460.691; 883.92328; 73855.891; 8047.582; 0; 41.719299; 0; 11559.128; 1511.0872; 36461.402; -30091.496; -4159.9092; 23720.604; 30601.873; -758.01843; 0; 12162.236; -2795.1931; 13061.973; 3222.7693; -14643.912; -23498.732; 94.68544; -11933.829; -13048.116; 6646.8037; -38.105118; -28.867514; 8758.4033; 6088.1895; -1743.0182; 1136.8027; 45348.172; -12678.612; 8316.2822; 0; -11.313708; -317.49097; 8211.0752; 60.621777; 7617.5596; -28017.076; -2682.7632; 920.87366; 9513.4141; 38.890873; -16348.25; -17220.627]
[-0.0013270393; -24110.926; 20805.203; 562.9165; 72717.445; 5421.3877; 0; 27.577164; 0; 10573.016; 2380.1213; 35528.402; -29753.168; -9891.7168; 19183.807; 28513.598; -457.49808; 0; 14566.399; -194.45436; 13913.563; 8675.2656; -14615.622; -15878.864; 31.176914; -13943.586; -10747.375; 9050.9668; -10.392304; -23.67136; 12643.393; 5995.5581; -4138.6958; 1971.6511; 43537.27; -16094.216; -108.89453; 0; -53.740116; -518.30927; 11176.924; 20.784611; 7091.5928; -27263.057; -522.55188; 2853.8423; 8984.499; 16.263456; -16251.832; -17659.414]
[-0.0013270393; -27970.314; 18220.02; 18.475208; 78492.391; 2959.2419; 0; 272.23611; 0; 13679.736; 3454.9236; 37599.359; -29585.16; -20576.1; 15085.416; 29394.633; -7.0710678; 0; 14283.557; -9.1923876; 14583.291; 13979.959; -14370.825; -9245.1094; 0; -17131.715; -12383.586; 8768.124; 0; -772.49463; 17217.162; 5864.0366; -7645.2383; 2193.9309; 46026.285; -20315.223; -9478.7656; 0; -73.539101; -1266.4282; 12663.601; 0; 3821.4814; -27027.498; 0; 3979.6753; 7336.2329; 4.9497476; -16021.47; -19490.768]
[-0.0013270393; -21692.621; 9736.8604; -1.1547005; 77012.414; 57.27565; 0; 1450.983; 0; 14349.464; 4927.1201; 36705.621; -29878.453; -28623.682; 7335.5254; 20802.508; -2.8284271; 0; 12303.658; 0; 9403.3037; 13564.845; -14487.45; -2681.792; 0; -16743.158; -7878.522; 6788.2251; 0; -1477.4393; 20037.52; 5782.0122; -7720.8989; 1732.0508; 44900.574; -23981.975; -12481.142; 0; -26.162951; -248.90158; 12358.76; 0; -464.18964; -20151.256; 0; 3653.4724; 5646.9546; 11.313708; -16073.432; -19531.76]
[-0.0013270393; -15135.62; 4358.606; 0; 84190.25; 0; 0; 2003.2335; 0; 16949.848; 6741.5562; 39700.336; -31159.594; -28348.617; 3003.0825; 14203.971; -4.9497476; 0; 9758.0732; 0; 5833.5469; 12428.042; -15451.047; -430.12592; 15.011106; -18857.414; -6297.7368; 4242.6406; 0; -9034.9541; 20661.057; 5164.708; -8900.3525; 692.82031; 47280.695; -24779.295; -14929.853; 0; 104.6518; -425.67828; 10685.021; 0; -1351.5769; -14038.849; 0; 2741.8364; 3857.9746; 84.145706; -16453.904; -17013.357]
[-0.0013270393; -6463.6631; 72.124893; 0; 83903.875; 0; 0; 1978.4847; 0; 16677.34; 8739.1328; 39702.066; -31597.225; -19938.996; 57.982754; 6536.7598; 0; 0; 10805.299; 0; 1571.5474; 8407.374; -12475.385; -647.20966; 1882.7391; -18758.688; -5168.4395; 5232.5903; 0; -19629.91; 15302.668; 5562.1021; -9480.1797; 1154.7006; 38124.367; -25546.018; -15098.144; 0; 6436.793; -804.6875; 12072.394; 0; -1385.6406; -6103.7471; 0; 571.57678; 1448.8617; 7.0710678; -16925.6; -14944.712]
[-0.0013270393; -1422.6989; 148.49242; 0; 89458.906; 0; 0; 2041.4172; 0; 18321.635; 8522.7578; 42136.176; -33059.074; -10929.749; 0; 3078.4316; 0; 19.091883; 14182.44; 0; 17.320507; 5324.9014; -9645.2139; -385.66998; 4009.6975; -20407.021; -3685.804; 6363.9609; 0; -29664.834; 11432.112; 5463.814; -9985.7617; 1847.5209; 28779.953; -24793.73; -16490.438; 0; 16135.47; -483.66104; 13944.163; 0; -1385.6406; -1314.0492; 0; 0; 508.40979; 0.70710677; -17086.682; -12844.311]
[-0.0013270393; -73.539101; 5207.8413; 0; 87249.195; 0; 0; 428.50671; 0; 18317.592; 7067.5322; 44225.605; -34125.441; -2301.6326; 0; 241.33241; 0; 476.58997; 26503.775; 0; 25.403412; 1669.1196; -7133.1621; -32.331615; 6288.499; -20425.498; -1196.2698; 7495.3315; 0; -38655.332; 5962.873; 4391.8403; -8912.374; 2771.2813; 17031.373; -19628.754; -12599.229; 0; 24497.715; -101.82337; 14864.46; 0; -1385.6406; -65.240578; 0; 0; 820.95099; 0; -15956.229; -8631.3857]
[-0.0013270393; 0; 5727.5649; 0; 75114.531; 0; 0; 13.435029; 0; 17475.238; 2991.7688; 42085.945; -32828.715; -38.183765; 0; 0; 0; 2337.6951; 35209.676; 0; 0; 30.022213; -3800.6968; -9.2376041; 8260.1504; -19887.406; -31.176914; 6363.9609; 0; -41859.625; 1077.3356; 3164.3027; -8482.4531; 1847.5209; 5912.8267; -13885.852; -8897.5244; 0; 32579.236; -18.384775; 14161.824; 0; -1385.6406; 0; 0; 0; 1232.4871; 0; -12288.9; -4552.9844]
[-0.0013270393; 0; 6735.8989; 0; 70253.883; 0; 1317.34; 0; 0; 16968.902; 428.50659; 49190.242; -32169.957; 0; 0; 0; 0; 5185.9209; 51423.633; 0; 0; 0; -777.1134; -6.350853; 10279.144; -25116.469; -2.8867512; 6646.8037; 0; -46334.09; 0; 1730.2903; -11469.271; 2084.2344; 350.01785; -8696.0498; -5413.6094; 0; 39902.035; -17.67767; 18908.799; 0; -1385.6406; 0; 0; 0; 1515.3298; 0; -9182.7559; -2187.5801]
[-0.0013270393; 0; 6271.3301; 0; 63225.246; 0; 1031.6688; 0; 0; 12411.298; -36.0625; 44218.68; -32639.342; 0; 0; 0; 0; 6998.9429; 58224.586; 0; 0; 0; -73.323486; 0; 10995.059; -22599.799; -2.8867512; 4525.4834; 0; -47482.441; 0; 1079.0449; -12113.446; 923.76044; 62.225395; -5431.7114; -2457.9031; 0; 42540.25; 0; 16459.678; 0; -1385.6406; 0; 0; 0; 1835.6492; 0; -7425.3018; -972.25781]
[-0.0013270393; 0; 5225.519; 0; 57566.27; 0; 439.11331; 0; 0; 9273.3994; -1209.1526; 39722.277; -31733.48; 0; 0; 0; 0; 7169.3555; 65045.336; 0; 0; 0; -26.558111; 0; 9482.4004; -20466.49; 0; 6929.6465; 0; -47803.445; 0; 188.7975; -10955.205; 1962.9908; 0; -2629.2532; -1075.5094; 0; 43088.258; 0; 17571.654; 0; -1385.6406; 0; 0; 0; 2066.166; 0; -5040.2676; -179.55592]
[-0.0013270393; 0; 4562.2529; 0; 50972.5; 0; 12.727921; 0; 0; 7141.2451; -1024.5978; 33846.582; -32533.688; 0; 0; 0; 0; 9604.6309; 64976.75; 0; 0; 0; -15.011106; 0; 10163.097; -16701.588; 0; 6646.8037; 0; -47175.867; 0; 75.660423; -9204.4092; 2193.9309; 0; -2174.301; -62.225395; 0; 41062.398; 0; 15132.928; 0; -1385.6406; 0; 0; 0; 2076.7725; 0; -4828.3804; -79.096985]
[-0.0013270393; 0; 4061.6213; 0; 47058.664; 0; 7.7781744; 0; 0; 3927.7139; -2027.9822; 30120.363; -30279.711; 0; 0; 0; 0; 9065.8154; 67044.328; 0; 0; 0; -16.165808; 0; 8948.3516; -15300.937; 0; 9192.3877; 0; -45269.457; 0; 14.849242; -8290.1201; 1732.0508; 0; -560.02972; -40.305084; 0; 39171.594; 0; 17217.74; 0; -1385.6406; 0; 0; 0; 1700.5918; 0; -3090.5559; -17.897858]
[-0.0013270393; 0; 4046.772; 0; 46094.172; 0; 8.485281; 0; 0; 3771.252; -1875.9541; 27842.139; -29553.404; 0; 0; 0; 0; 8477.5029; 61971.543; 0; 0; 0; -13.856406; 0; 8972.0234; -13900.285; 0; 6646.8037; 0; -44189.813; 0; 0; -7249.2588; 692.82031; 0; -667.99426; -36.062447; 0; 37931.328; 0; 13478.242; 0; -1385.6406; 0; 0; 0; 1857.5695; 0; -3313.9905; 0]
[-0.0013270393; 0; 4304.8662; 0; 45800.012; 0; 0; 0; 0; 3602.666; -1479.2673; 28211.066; -30090.34; 0; 0; 0; 0; 8862.1689; 63480.512; 0; 0; 0; -20.207258; 0; 9469.1221; -13820.61; 0; 7636.7529; 0; -44382.07; 0; 47.376152; -7173.5981; 1154.7006; 0; -557.14301; -19.79899; 0; 37819.605; 0; 14340.803; 0; -1385.6406; 0; 0; 0; 1810.9004; 0; -3625.7595; -47.34272]
[-0.0013270393; 0; 4239.812; 0; 45343.926; 0; 0; 0; 0; 4058.7725; -1537.2501; 29228.936; -29834.574; 0; 0; 0; 0; 8345.9814; 63129.785; 0; 0; 0; -217.08369; 0; 9292.4521; -14064.83; 0; 8768.124; 0; -43704.836; 0; 48.08326; -6837.0151; 1847.5209; 0; -813.48651; -53.740116; 0; 37420.797; 0; 15282.461; 0; -1385.6406; 0; 0; 0; 1840.5989; 0; -3723.3318; -60.621777]
[-0.0013270393; 0; 4307.6943; 0; 47241.805; 0; 14.849242; 0; 0; 4809.3281; -1006.9199; 30288.371; -30570.119; 0; 0; 0; 0; 8750.4463; 63970.535; 0; 0; 0; -40.414516; 0; 9592.0977; -14438.952; 0; 9899.4951; 0; -44346.273; 0; 67.17514; -6736.606; 2771.2813; 0; -1716.4623; -71.417786; 0; 37175.43; 0; 16399.057; 0; -1385.6406; 0; 0; 0; 1910.6025; 0; -4468.6909; -71.591431]
[-0.0013270393; 0; 4698.7246; 0; 46148.617; 0; 0; 0; 0; 5192.1113; -1459.4684; 30948.285; -30594.367; 0; 0; 0; 0; 8764.5889; 63054.125; 0; 0; 0; -91.221344; 0; 9159.6621; -15045.748; 0; 8768.124; 0; -43514.891; 0; 243.24474; -7392.8013; 1847.5209; 0; -1526.514; -41.719299; 0; 36851.578; 0; 16279.545; 0; -1385.6406; 0; 0; 0; 1623.5171; 0; -4254.4941; -219.3931]
[-0.0013270393; 0; 4742.5649; 0; 46777.234; 0; 2.1213202; 0; 0; 5754.4492; -1016.8196; 32126.078; -30569.541; 0; 0; 0; 0; 8541.1426; 62557.027; 0; 0; 0; -165.12218; 0; 9709.2988; -15557.28; 0; 9050.9668; 0; -43386.141; 0; 455.37677; -7656.5522; 2078.4609; 0; -2218.1797; -70.710678; 0; 37330.289; 0; 16316.496; 0; -1385.6406; 0; 0; 0; 1649.6801; 0; -4829.5352; -389.71143]
